836.832601000001 0.0 76.5 0.0 0.0 0.0 3.0
836.886670000001 0.0 76.5 0.0 0.0 0.0 3.0
836.941466000001 0.0 76.5 0.0 0.0 0.0 3.0
836.995320000001 0.0 76.5 0.0 0.0 0.0 3.0
837.049711000001 0.0 76.5 0.0 0.0 0.0 3.0
837.103663000001 0.0 76.5 0.0 0.0 0.0 3.0
837.160042000001 0.0 76.5 0.0 0.0 0.0 3.0
837.213864000001 0.0 76.5 0.0 0.0 0.0 3.0
837.267932000001 0.0 76.5 0.0 0.0 0.0 3.0
837.321668000001 0.0 76.5 0.0 0.0 0.0 3.0
837.375873000001 0.0 76.5 0.0 0.0 0.0 3.0
837.429312000001 0.0 76.5 0.0 0.0 0.0 3.0
837.482772000001 0.0 76.5 0.0 0.0 0.0 3.0
837.537403000001 0.0 76.5 0.0 0.0 0.0 3.0
837.5912160000009 0.0 76.5 0.0 0.0 0.0 3.0
837.644664000001 0.0 76.5 0.0 0.0 0.0 3.0
837.6980410000009 0.0 76.5 0.0 0.0 0.0 3.0
837.7523800000009 0.0 76.5 0.0 0.0 0.0 3.0
837.8080950000009 0.0 76.5 0.0 0.0 0.0 3.0
837.864449000001 0.0 76.5 0.0 0.0 0.0 3.0
837.920365000001 0.0 76.5 0.0 0.0 0.0 3.0
837.9743210000009 0.0 76.5 0.0 0.0 0.0 3.0
838.0279600000009 0.0 76.5 0.0 0.0 0.0 3.0
838.0823960000009 0.0 76.5 0.0 0.0 0.0 3.0
838.1366330000009 0.0 76.5 0.0 0.0 0.0 3.0
838.1937180000009 0.0 76.5 0.0 0.0 0.0 3.0
838.2470500000009 0.0 76.5 0.0 0.40559934421137156 0.0 3.0
838.3005680000009 0.0 76.5 0.0 1.261860518713809 0.0 3.0
838.357688000001 0.0 76.5 0.0 1.358622777147424 0.0 3.0
838.412205000001 0.0 76.5 0.0 1.4023775173209871 0.0 3.0
838.465801000001 0.0 76.5 0.0 1.446164014803744 0.0 3.0
838.523643000001 0.0 76.5 0.0 1.4594120889778541 0.0 3.0
838.577586000001 0.0 76.5 0.0 1.4795402994858768 0.0 3.0
838.631661000001 0.0 76.5 0.0 1.4963291178440972 0.0 3.0
838.686121000001 0.0 76.5 0.0 1.4848702497392559 0.0 3.0
838.7403510000009 0.0 76.5 0.0 1.5044344919803658 0.0 3.0
838.7948100000009 0.0 76.5 0.0 1.4937047369029322 0.0 3.0
838.8485830000009 0.0 76.5 0.0 1.5100845503717053 0.0 3.0
838.9027860000009 0.0 76.5 0.0 1.4954501925590584 0.0 3.0
838.9569880000009 0.0 0.0 0.0 1.5043267638366766 0.0 0.0
839.0108970000009 0.0 0.0 0.0 0.8986046687174389 0.0 0.0
839.0652530000009 0.0 0.0 0.0 0.01058869231430381 0.0 0.0
839.1200010000009 0.0 0.0 0.0 0.0 0.0 0.0
839.1749370000009 0.0 0.0 0.0 0.0 0.0 0.0
839.2285830000009 0.0 0.0 0.0 0.0 0.0 0.0
839.2826070000009 0.0 0.0 0.0 0.0 0.0 0.0
839.336079000001 0.0 0.0 0.0 0.0 0.0 0.0
839.389706000001 0.0 0.0 0.0 0.0 0.0 0.0
839.4433480000009 0.0 0.0 0.0 0.0 0.0 0.0
839.4982360000009 0.0 0.0 0.0 0.0 0.0 0.0
839.5516050000009 0.0 0.0 0.0 0.0 0.0 0.0
839.6050460000009 0.0 0.0 0.0 0.0 0.0 0.0
839.6586690000009 0.0 0.0 0.0 0.0 0.0 0.0
839.7128890000009 0.0 0.0 0.0 0.0 0.0 0.0
839.766782000001 0.0 0.0 0.0 0.0 0.0 0.0
839.8202360000009 0.0 0.0 0.0 0.0 0.0 0.0
839.874348000001 0.0 0.0 0.0 0.0 0.0 0.0
839.9280760000009 0.0 0.0 0.0 0.0 0.0 0.0
839.981368000001 0.0 0.0 0.0 0.0 0.0 0.0
840.034691000001 0.0 0.0 0.0 0.0 0.0 0.0
840.088404000001 0.0 0.0 0.0 0.0 0.0 0.0
840.142562000001 0.0 0.0 0.0 0.0 0.0 0.0
840.196788000001 0.0 0.0 0.0 0.0 0.0 0.0
840.250376000001 0.0 0.0 0.0 0.0 0.0 0.0
840.304165000001 0.0 0.0 0.0 0.0 0.0 0.0
840.358117000001 0.0 0.0 0.0 0.0 0.0 0.0
840.413824000001 0.0 0.0 0.0 0.0 0.0 0.0
840.467343000001 0.0 0.0 0.0 0.0 0.0 0.0
840.521306000001 0.0 0.0 0.0 0.0 0.0 0.0
840.576321000001 0.0 0.0 0.0 0.0 0.0 0.0
840.6320960000011 0.0 0.0 0.0 0.0 0.0 0.0
840.6875260000011 0.0 0.0 0.0 0.0 0.0 0.0
840.743188000001 0.0 0.0 0.0 0.0 0.0 0.0
840.7969820000011 0.0 0.0 0.0 0.0 0.0 0.0
840.8510530000011 0.0 0.0 0.0 0.0 0.0 0.0
840.9043990000011 0.0 0.0 0.0 0.0 0.0 0.0
840.9581320000011 0.0 0.0 0.0 0.0 0.0 0.0
841.0118830000011 0.0 0.0 0.0 0.0 0.0 0.0
841.0662590000012 0.0 0.0 0.0 0.0 0.0 0.0
841.1200790000012 0.0 0.0 0.0 0.0 0.0 0.0
841.1739000000011 0.0 0.0 0.0 0.0 0.0 0.0
841.2280190000012 0.0 0.0 0.0 0.0 0.0 0.0
841.2827910000011 0.0 0.0 0.0 0.0 0.0 0.0
841.3372890000011 0.0 0.0 0.0 0.0 0.0 0.0
841.3910130000011 0.0 0.0 0.0 0.0 0.0 0.0
841.4443950000011 0.0 0.0 0.0 0.0 0.0 0.0
841.4981040000011 0.0 0.0 0.0 0.0 0.0 0.0
841.5518690000011 0.0 0.0 0.0 0.0 0.0 0.0
841.6055600000011 0.0 0.0 0.0 0.0 0.0 0.0
841.6588800000011 0.0 0.0 0.0 0.0 0.0 0.0
841.7124640000011 0.0 0.0 0.0 0.0 0.0 0.0
841.7659820000011 0.0 0.0 0.0 0.0 0.0 0.0
841.8193670000012 0.0 0.0 0.0 0.0 0.0 0.0
841.8730090000012 0.0 0.0 0.0 0.0 0.0 0.0
841.9270070000011 0.0 0.0 0.0 0.0 0.0 0.0
841.9813200000011 0.0 0.0 0.0 0.0 0.0 0.0
842.0385320000012 0.0 0.0 0.0 0.0 0.0 0.0
842.0920430000011 0.0 0.0 0.0 0.0 0.0 0.0
842.1457750000011 0.0 0.0 0.0 0.0 0.0 0.0
842.1995440000011 0.0 0.0 0.0 0.0 0.0 0.0
842.2532640000011 0.0 0.0 0.0 0.0 0.0 0.0
842.3066310000011 0.0 0.0 0.0 0.0 0.0 0.0
842.3601040000011 0.0 0.0 0.0 0.0 0.0 0.0
842.4140960000011 0.0 0.0 0.0 0.0 0.0 0.0
842.4687460000011 0.0 0.0 0.0 0.0 0.0 0.0
842.5227780000012 0.0 0.0 0.0 0.0 0.0 0.0
842.5765390000012 0.0 0.0 0.0 0.0 0.0 0.0
842.6325000000012 0.0 0.0 0.0 0.0 0.0 0.0
842.6868890000012 0.0 0.0 0.0 0.0 0.0 0.0
842.7437620000012 0.0 0.0 0.0 0.0 0.0 0.0
842.7980610000012 0.0 0.0 0.0 0.0 0.0 0.0
842.8538290000012 0.0 0.0 0.0 0.0 0.0 0.0
842.9072470000011 0.0 0.0 0.0 0.0 0.0 0.0
842.9631400000011 0.0 0.0 0.0 0.0 0.0 0.0
843.0167350000011 0.0 0.0 0.0 0.0 0.0 0.0
843.072996000001 0.0 0.0 0.0 0.0 0.0 0.0
843.126717000001 0.0 0.0 0.0 0.0 0.0 0.0
843.180134000001 0.0 0.0 0.0 0.0 0.0 0.0
843.2347260000009 0.0 0.0 0.0 0.0 0.0 0.0
843.2917460000009 0.0 0.0 0.0 0.0 0.0 0.0
843.3494790000009 0.0 0.0 0.0 0.0 0.0 0.0
843.4030450000009 0.0 0.0 0.0 0.0 0.0 0.0
843.456653000001 0.0 0.0 0.0 0.0 0.0 0.0
843.509913000001 0.0 0.0 0.0 0.0 0.0 0.0
843.563322000001 0.0 0.0 0.0 0.0 0.0 0.0
843.616992000001 0.0 0.0 0.0 0.0 0.0 0.0
843.671338000001 0.0 0.0 0.0 0.0 0.0 0.0
843.726358000001 0.0 0.0 0.0 0.0 0.0 0.0
843.780089000001 0.0 0.0 0.0 0.0 0.0 0.0
843.834454000001 0.0 0.0 0.0 0.0 0.0 0.0
843.8884130000009 0.0 0.0 0.0 0.0 0.0 0.0
843.9417890000009 0.0 0.0 0.0 0.0 0.0 0.0
843.9955150000009 0.0 0.0 0.0 0.0 0.0 0.0
844.0492500000008 0.0 -76.5 0.0 0.0 0.0 -3.0
844.1035860000009 0.0 -76.5 0.0 -0.40781470734499176 0.0 -3.0
844.1584980000008 0.0 -76.5 0.0 -1.2158515314432286 0.0 -3.0
844.2120300000008 0.0 -76.5 0.0 -1.3367922729690598 0.0 -3.0
844.2653740000009 0.0 -76.5 0.0 -1.3567887512956371 0.0 -3.0
844.3196250000009 0.0 -76.5 0.0 -1.3942238837856167 0.0 -3.0
844.3737850000009 0.0 -76.5 0.0 -1.4266763350133493 0.0 -3.0
844.4281420000009 0.0 -76.5 0.0 -1.4391532872806967 0.0 -3.0
844.4824900000009 0.0 -76.5 0.0 -1.4561595076634095 0.0 -3.0
844.5366200000009 0.0 -76.5 0.0 -1.4655682599107658 0.0 -3.0
844.5912540000008 0.0 -76.5 0.0 -1.46960637773847 0.0 -3.0
844.6455470000009 0.0 -76.5 0.0 -1.471769268016246 0.0 -3.0
844.6997190000009 0.0 -76.5 0.0 -1.4644319927078517 0.0 -3.0
844.7541470000009 0.0 -76.5 0.0 -1.4760497921654896 0.0 -3.0
844.8130650000008 0.0 -76.5 0.0 -1.4897440733567917 0.0 -3.0
844.8683650000008 0.0 -76.5 0.0 -1.4874677749144831 0.0 -3.0
844.9227790000008 0.0 -76.5 0.0 -1.4825997135722628 0.0 -3.0
844.9798710000008 0.0 -76.5 0.0 -1.484464667151175 0.0 -3.0
845.0350060000007 0.0 -76.5 0.0 -1.4875696330764934 0.0 -3.0
845.0890500000007 0.0 -76.5 0.0 -1.4865376006214057 0.0 -3.0
845.1437010000008 0.0 -76.5 0.0 -1.4823136546569862 0.0 -3.0
845.2011300000007 0.0 -76.5 0.0 -1.46573156101549 0.0 -3.0
845.2550420000007 0.0 -76.5 0.0 -1.5302119043231448 0.0 -3.0
845.3138830000007 0.0 -76.5 0.0 -1.4819119721724505 0.0 -3.0
845.3678420000007 0.0 -76.5 0.0 -1.4897681820382689 0.0 -3.0
845.4239700000006 0.0 -76.5 0.0 -1.4843243902936885 0.0 -3.0
845.4798170000006 0.0 -76.5 0.0 -1.4789104281180505 0.0 -3.0
845.5343230000005 0.0 -76.5 0.0 -1.4941766550514837 0.0 -3.0
845.5883340000005 0.0 -76.5 0.0 -1.4883338826276675 0.0 -3.0
845.6424620000005 0.0 -76.5 0.0 -1.4868890006621773 0.0 -3.0
845.6967280000005 0.0 -76.5 0.0 -1.489294780418313 0.0 -3.0
845.7545630000004 0.0 -76.5 0.0 -1.488614639618678 0.0 -3.0
845.8087250000004 0.0 -76.5 0.0 -1.5010099889290847 0.0 -3.0
845.8638430000004 0.0 -76.5 0.0 -1.5071726685530258 0.0 -3.0
845.9196080000004 0.0 -76.5 0.0 -1.5137687447441412 0.0 -3.0
845.9736640000003 0.0 -76.5 0.0 -1.5101643803965321 0.0 -3.0
846.0276080000003 0.0 -76.5 0.0 -1.5132998247574325 0.0 -3.0
846.0820610000003 0.0 -76.5 0.0 -1.4991542384572922 0.0 -3.0
846.1359690000003 0.0 -76.5 0.0 -1.510751516662391 0.0 -3.0
846.1901880000003 0.0 -76.5 0.0 -1.5012012304471951 0.0 -3.0
846.2444620000002 0.0 -76.5 0.0 -1.5049822934247452 0.0 -3.0
846.2987000000003 0.0 -76.5 0.0 -1.5068655230641674 0.0 -3.0
846.3527220000003 0.0 -76.5 0.0 -1.5102269908573405 0.0 -3.0
846.4065720000003 0.0 -76.5 0.0 -1.500799824590161 0.0 -3.0
846.4607150000003 0.0 -76.5 0.0 -1.50508017669608 0.0 -3.0
846.5152370000003 0.0 -76.5 0.0 -1.5051743326784077 0.0 -3.0
846.5692880000003 0.0 -76.5 0.0 -1.5218398910801079 0.0 -3.0
846.6250610000003 0.0 -76.5 0.0 -1.4937722442472905 0.0 -3.0
846.6823650000003 0.0 -76.5 0.0 -1.5333775619027437 0.0 -3.0
846.7360120000003 0.0 -76.5 0.0 -1.5064788441884949 0.0 -3.0
846.7897620000003 0.0 -76.5 0.0 -1.4875298998144322 0.0 -3.0
846.8437260000003 0.0 -76.5 0.0 -1.486074945299166 0.0 -3.0
846.8974440000003 0.0 -76.5 0.0 -1.4830588003147471 0.0 -3.0
846.9508720000003 0.0 -76.5 0.0 -1.4884154917917292 0.0 -3.0
847.0045880000004 0.0 -76.5 0.0 -1.4822211145410658 0.0 -3.0
847.0588980000003 0.0 -76.5 0.0 -1.4872050691872674 0.0 -3.0
847.1158150000003 0.0 -76.5 0.0 -1.4831300674782057 0.0 -3.0
847.1700820000003 0.0 -76.5 0.0 -1.4804289547604115 0.0 -3.0
847.2254730000003 0.0 -76.5 0.0 -1.475499128738501 0.0 -3.0
847.2795380000003 0.0 -76.5 0.0 -1.4859601976876584 0.0 -3.0
847.3332720000003 0.0 -76.5 0.0 -1.4754763587737756 0.0 -3.0
847.3867470000004 0.0 -76.5 0.0 -1.48441651529854 0.0 -3.0
847.4403060000003 0.0 -76.5 0.0 -1.4722376714048586 0.0 -3.0
847.4940890000003 0.0 -76.5 0.0 -1.4661059710832944 0.0 -3.0
847.5503150000003 0.0 -76.5 0.0 -1.4552929024507115 0.0 -3.0
847.6040000000003 0.0 -76.5 0.0 -1.459848094934822 0.0 -3.0
847.6580170000003 0.0 -76.5 0.0 -1.4535393434739987 0.0 -3.0
847.7126150000004 0.0 -76.5 0.0 -1.4635475451189794 0.0 -3.0
847.7672270000004 0.0 -76.5 0.0 -1.4772244344525216 0.0 -3.0
847.8235830000004 0.0 -76.5 0.0 -1.439169742953693 0.0 -3.0
847.8779340000004 0.0 -76.5 0.0 -1.5443263524950808 0.0 -3.0
847.9336060000004 0.0 -76.5 0.0 -1.489589980698495 0.0 -3.0
847.9872520000004 0.0 -76.5 0.0 -1.4913077463677706 0.0 -3.0
848.0427560000004 0.0 -76.5 0.0 -1.4845931409020972 0.0 -3.0
848.1058490000004 0.0 -76.5 0.0 -1.4709854058152736 0.0 -3.0
848.1596240000003 0.0 -76.5 0.0 -1.478811025484863 0.0 -3.0
848.2154890000004 0.0 -76.5 0.0 -1.4767168027543074 0.0 -3.0
848.2699080000004 0.0 -76.5 0.0 -1.4930399267490657 0.0 -3.0
848.3236310000004 0.0 -76.5 0.0 -1.495419803212465 0.0 -3.0
848.3787400000004 0.0 -76.5 0.0 -1.495234130407556 0.0 -3.0
848.4331990000004 0.0 -76.5 0.0 -1.488420404107285 0.0 -3.0
848.4871650000003 0.0 -76.5 0.0 -1.5037952281161846 0.0 -3.0
848.5412890000003 0.0 -76.5 0.0 -1.487885061607827 0.0 -3.0
848.5948600000004 0.0 -76.5 0.0 -1.4763844930255414 0.0 -3.0
848.6489660000004 0.0 -76.5 0.0 -1.476855965482683 0.0 -3.0
848.7037430000004 0.0 -76.5 0.0 -1.4754015472585242 0.0 -3.0
848.7580310000004 0.0 -76.5 0.0 -1.4922252346864673 0.0 -3.0
848.8118530000004 0.0 -76.5 0.0 -1.4784108011978037 0.0 -3.0
848.8657270000003 0.0 -76.5 0.0 -1.483215815948436 0.0 -3.0
848.9197480000004 0.0 -76.5 0.0 -1.4649739346271076 0.0 -3.0
848.9739100000004 0.0 -76.5 0.0 -1.4735578888365763 0.0 -3.0
849.0276490000003 0.0 -76.5 0.0 -1.4690914221703457 0.0 -3.0
849.0845880000004 0.0 -76.5 0.0 -1.4699215889172919 0.0 -3.0
849.1386460000004 0.0 -76.5 0.0 -1.4879271260724156 0.0 -3.0
849.1926070000004 0.0 -153.0 0.0 -1.4817133135973337 0.0 -6.0
849.2464460000004 0.0 -153.0 0.0 -2.407115517866351 0.0 -6.0
849.3005050000005 0.0 -153.0 0.0 -4.057343398728227 0.0 -6.0
849.3573070000004 0.0 -153.0 0.0 -4.6703411332966045 0.0 -6.0
849.4116520000005 0.0 -153.0 0.0 -4.937977087812567 0.0 -6.0
849.4659120000005 0.0 -153.0 0.0 -5.1861475841822715 0.0 -6.0
849.5200610000005 0.0 -153.0 0.0 -5.298641549779212 0.0 -6.0
849.5742840000005 0.0 -153.0 0.0 -5.400210623042189 0.0 -6.0
849.6281050000005 0.0 -153.0 0.0 -5.477083549629772 0.0 -6.0
849.6823610000005 0.0 -153.0 0.0 -5.473835577062993 0.0 -6.0
849.7409960000005 0.0 -153.0 0.0 -5.537020830028 0.0 -6.0
849.7951560000005 0.0 -153.0 0.0 -5.5331308138816935 0.0 -6.0
849.8495970000005 0.0 -153.0 0.0 -5.548621943219578 0.0 -6.0
849.9032610000005 0.0 -153.0 0.0 -5.5386896113265545 0.0 -6.0
849.9606750000005 0.0 -153.0 0.0 -5.553691843935436 0.0 -6.0
850.0149470000005 0.0 -153.0 0.0 -5.533201044477604 0.0 -6.0
850.0689690000005 0.0 -153.0 0.0 -5.570349289029368 0.0 -6.0
850.1232230000005 0.0 -153.0 0.0 -5.505863161194358 0.0 -6.0
850.1808690000005 0.0 -153.0 0.0 -5.612047643371945 0.0 -6.0
850.2359390000005 0.0 -153.0 0.0 -5.533148824675869 0.0 -6.0
850.2927370000004 0.0 -153.0 0.0 -5.608857425402144 0.0 -6.0
850.3465170000004 0.0 -153.0 0.0 -5.559741157068739 0.0 -6.0
850.4025280000004 0.0 -153.0 0.0 -5.577201357484258 0.0 -6.0
850.4568660000004 0.0 -153.0 0.0 -5.552078126501888 0.0 -6.0
850.5129880000004 0.0 -153.0 0.0 -5.587536196135972 0.0 -6.0
850.5678050000004 0.0 -153.0 0.0 -5.546436695226379 0.0 -6.0
850.6219500000003 0.0 -153.0 0.0 -5.585155968919659 0.0 -6.0
850.6762160000003 0.0 -153.0 0.0 -5.581540972309583 0.0 -6.0
850.7331270000003 0.0 -153.0 0.0 -5.586764629718947 0.0 -6.0
850.7875760000003 0.0 -153.0 0.0 -5.5610199619848375 0.0 -6.0
850.8420540000003 0.0 -153.0 0.0 -5.5730267466251915 0.0 -6.0
850.8966960000002 0.0 -153.0 0.0 -5.57297779708688 0.0 -6.0
850.9505040000003 0.0 -153.0 0.0 -5.613004831329865 0.0 -6.0
851.0050780000003 0.0 -153.0 0.0 -5.564102216243393 0.0 -6.0
851.0592350000003 0.0 -153.0 0.0 -5.57683335421455 0.0 -6.0
851.1131610000003 0.0 -153.0 0.0 -5.568703168896052 0.0 -6.0
851.1682770000003 0.0 -153.0 0.0 -5.585095377116991 0.0 -6.0
851.2234900000003 0.0 -153.0 0.0 -5.584838942241803 0.0 -6.0
851.2775500000004 0.0 -153.0 0.0 -5.5895015483547255 0.0 -6.0
851.3311580000004 0.0 -153.0 0.0 -5.5641589077723745 0.0 -6.0
851.3854060000004 0.0 -153.0 0.0 -5.565710025640724 0.0 -6.0
851.4402410000005 0.0 -153.0 0.0 -5.54461603578416 0.0 -6.0
851.4942240000005 0.0 -153.0 0.0 -5.58059300183914 0.0 -6.0
851.5481840000004 0.0 -153.0 0.0 -5.534972881779447 0.0 -6.0
851.6031660000004 0.0 -153.0 0.0 -5.4957705013287335 0.0 -6.0
851.6584780000004 0.0 -153.0 0.0 -5.5609686970654035 0.0 -6.0
851.7124680000004 0.0 -153.0 0.0 -5.624288096856212 0.0 -6.0
851.7660460000004 0.0 -153.0 0.0 -5.547579963832697 0.0 -6.0
851.8198510000004 0.0 -153.0 0.0 -5.568746429387842 0.0 -6.0
851.8761890000004 0.0 -153.0 0.0 -5.5627081794359805 0.0 -6.0
851.9305290000004 0.0 -153.0 0.0 -5.581883909144811 0.0 -6.0
851.9842440000004 0.0 -153.0 0.0 -5.5566468158678255 0.0 -6.0
852.0383000000004 0.0 -153.0 0.0 -5.533128716893521 0.0 -6.0
852.0931820000004 0.0 -153.0 0.0 -5.559094270395715 0.0 -6.0
852.1473840000004 0.0 -153.0 0.0 -5.575742905255823 0.0 -6.0
852.2014690000004 0.0 -153.0 0.0 -5.572728885238816 0.0 -6.0
852.2560640000004 0.0 -153.0 0.0 -5.557569339979273 0.0 -6.0
852.3105200000003 0.0 -153.0 0.0 -5.521551216740965 0.0 -6.0
852.3653080000004 0.0 -153.0 0.0 -5.61678087011646 0.0 -6.0
852.4187920000004 0.0 -153.0 0.0 -5.557330029583207 0.0 -6.0
852.4726000000004 0.0 -153.0 0.0 -5.54080324464768 0.0 -6.0
852.5319030000004 0.0 -153.0 0.0 -5.53288316148103 0.0 -6.0
852.5854520000004 0.0 -153.0 0.0 -5.604325647526746 0.0 -6.0
852.6415040000004 0.0 -153.0 0.0 -5.5483067701791144 0.0 -6.0
852.6965390000004 0.0 -153.0 0.0 -5.570656353103808 0.0 -6.0
852.7500860000004 0.0 -153.0 0.0 -5.535564347390022 0.0 -6.0
852.8051990000004 0.0 -153.0 0.0 -5.548848011306824 0.0 -6.0
852.8607610000004 0.0 -153.0 0.0 -5.557528198005361 0.0 -6.0
852.9167410000003 0.0 -153.0 0.0 -5.536593420086575 0.0 -6.0
852.9722090000004 0.0 -153.0 0.0 -5.628340164555635 0.0 -6.0
853.0263860000003 0.0 -153.0 0.0 -5.5765452213566045 0.0 -6.0
853.0852910000003 0.0 -153.0 0.0 -5.584109079328483 0.0 -6.0
853.1410810000003 0.0 -153.0 0.0 -5.570923787338249 0.0 -6.0
853.1965960000003 0.0 -153.0 0.0 -5.6019758818712 0.0 -6.0
853.2509390000004 0.0 -153.0 0.0 -5.566571525870752 0.0 -6.0
853.3072710000004 0.0 -153.0 0.0 -5.579478007151146 0.0 -6.0
853.3620460000003 0.0 -153.0 0.0 -5.567326736795957 0.0 -6.0
853.4162360000003 0.0 -153.0 0.0 -5.58405836729348 0.0 -6.0
853.4701570000002 0.0 -153.0 0.0 -5.5950153231182576 0.0 -6.0
853.5237010000002 0.0 -153.0 0.0 -5.578871581268465 0.0 -6.0
853.5778620000002 0.0 -153.0 0.0 -5.5525111483441165 0.0 -6.0
853.6322700000002 0.0 -153.0 0.0 -5.566973650995292 0.0 -6.0
853.6864090000001 0.0 -153.0 0.0 -5.594634226774633 0.0 -6.0
853.7407810000001 0.0 -153.0 0.0 -5.530963663383097 0.0 -6.0
853.795057 0.0 -153.0 0.0 -5.591116909182477 0.0 -6.0
853.8489440000001 0.0 -153.0 0.0 -5.543361106527338 0.0 -6.0
853.9048620000001 0.0 -153.0 0.0 -5.578757395015443 0.0 -6.0
853.9592520000001 0.0 -153.0 0.0 -5.5520610538256605 0.0 -6.0
854.0135600000001 0.0 -153.0 0.0 -5.570159026854133 0.0 -6.0
854.0676550000001 0.0 -153.0 0.0 -5.5991848119669445 0.0 -6.0
854.1218190000001 0.0 -153.0 0.0 -5.584082290520912 0.0 -6.0
854.1758940000001 0.0 -153.0 0.0 -5.577307346178829 0.0 -6.0
854.2301390000001 0.0 -153.0 0.0 -5.597848914172125 0.0 -6.0
854.2834980000001 0.0 -153.0 0.0 -5.584730809200759 0.0 -6.0
854.3369020000001 0.0 -229.5 0.0 -5.566553114913638 0.0 -9.0
854.3905430000001 0.0 -229.5 0.0 -6.022118640286762 0.0 -9.0
854.4484410000001 0.0 -229.5 0.0 -6.900650183806525 0.0 -9.0
854.5042070000001 0.0 -229.5 0.0 -7.665037009552248 0.0 -9.0
854.5583720000001 0.0 -229.5 0.0 -8.282991025211748 0.0 -9.0
854.6123590000001 0.0 -229.5 0.0 -8.656785430979198 0.0 -9.0
854.6663430000001 0.0 -229.5 0.0 -8.579081012146954 0.0 -9.0
854.7203570000001 0.0 -229.5 0.0 -8.591187674408769 0.0 -9.0
854.7753170000002 0.0 -229.5 0.0 -8.566361514171975 0.0 -9.0
854.8302310000003 0.0 -229.5 0.0 -8.57004362880892 0.0 -9.0
854.8849680000003 0.0 -229.5 0.0 -8.583736117918372 0.0 -9.0
854.9389810000004 0.0 -229.5 0.0 -8.61887456150789 0.0 -9.0
854.9923820000004 0.0 -229.5 0.0 -8.582026955509303 0.0 -9.0
855.0514620000004 0.0 -229.5 0.0 -8.552687933961577 0.0 -9.0
855.1061010000003 0.0 -229.5 0.0 -8.607910034090938 0.0 -9.0
855.1629760000003 0.0 -229.5 0.0 -8.377439857934336 0.0 -9.0
855.2212140000003 0.0 -229.5 0.0 -8.799877917019879 0.0 -9.0
855.2755160000003 0.0 -229.5 0.0 -8.639249294449607 0.0 -9.0
855.3350490000003 0.0 -229.5 0.0 -8.261218665921701 0.0 -9.0
855.3897530000003 0.0 -229.5 0.0 -9.047468957820206 0.0 -9.0
855.4461220000003 0.0 -229.5 0.0 -8.57176367235133 0.0 -9.0
855.5045940000003 0.0 -229.5 0.0 -8.300384672059417 0.0 -9.0
855.5592730000003 0.0 -229.5 0.0 -9.010378194141648 0.0 -9.0
855.6156790000003 0.0 -229.5 0.0 -8.633316365807323 0.0 -9.0
855.6705820000003 0.0 -229.5 0.0 -8.578749463697257 0.0 -9.0
855.7289110000003 0.0 -229.5 0.0 -8.652116116038231 0.0 -9.0
855.7832910000003 0.0 -229.5 0.0 -8.657727635507388 0.0 -9.0
855.8372760000003 0.0 -229.5 0.0 -8.588695101834913 0.0 -9.0
855.8908070000003 0.0 -229.5 0.0 -8.672288282154154 0.0 -9.0
855.9444610000004 0.0 -229.5 0.0 -8.626483204980486 0.0 -9.0
855.9981160000004 0.0 -229.5 0.0 -8.642412977712747 0.0 -9.0
856.0520550000005 0.0 -229.5 0.0 -8.606690224735239 0.0 -9.0
856.1096310000005 0.0 -229.5 0.0 -8.625320541550051 0.0 -9.0
856.1639940000005 0.0 -229.5 0.0 -8.52985796073023 0.0 -9.0
856.2178010000005 0.0 -229.5 0.0 -8.73477156552785 0.0 -9.0
856.2722680000005 0.0 -229.5 0.0 -8.574331840122206 0.0 -9.0
856.3274490000005 0.0 -229.5 0.0 -8.64852583073758 0.0 -9.0
856.3828300000005 0.0 -229.5 0.0 -8.528954925167872 0.0 -9.0
856.4374150000004 0.0 -229.5 0.0 -8.6902355787991 0.0 -9.0
856.4913590000004 0.0 -229.5 0.0 -8.68324682055293 0.0 -9.0
856.5455850000004 0.0 -229.5 0.0 -8.552292840441801 0.0 -9.0
856.6001340000004 0.0 -229.5 0.0 -8.68629880210329 0.0 -9.0
856.6546790000003 0.0 -229.5 0.0 -8.574381112633821 0.0 -9.0
856.7093000000003 0.0 -229.5 0.0 -8.71524180627301 0.0 -9.0
856.7629580000004 0.0 -229.5 0.0 -8.637460436208562 0.0 -9.0
856.8171010000003 0.0 -229.5 0.0 -8.62209850487519 0.0 -9.0
856.8708450000004 0.0 -229.5 0.0 -8.703958475027003 0.0 -9.0
856.9245900000004 0.0 -229.5 0.0 -8.603845207190357 0.0 -9.0
856.9788880000004 0.0 -229.5 0.0 -8.668152401175599 0.0 -9.0
857.0331500000004 0.0 -229.5 0.0 -8.66241231198586 0.0 -9.0
857.0877290000004 0.0 -229.5 0.0 -8.634948630152415 0.0 -9.0
857.1429800000004 0.0 -229.5 0.0 -8.637568620765785 0.0 -9.0
857.1967820000004 0.0 -229.5 0.0 -8.682094695906759 0.0 -9.0
857.2512130000005 0.0 -229.5 0.0 -8.623180382875587 0.0 -9.0
857.3048530000004 0.0 -229.5 0.0 -8.646618098665488 0.0 -9.0
857.3585170000005 0.0 -229.5 0.0 -8.632919631402805 0.0 -9.0
857.4120260000004 0.0 -229.5 0.0 -8.621175988865291 0.0 -9.0
857.4661420000004 0.0 -229.5 0.0 -8.60956053041029 0.0 -9.0
857.5231530000004 0.0 -229.5 0.0 -8.270801731563859 0.0 -9.0
857.5797510000004 0.0 -229.5 0.0 -8.983681003133496 0.0 -9.0
857.6361680000005 0.0 -229.5 0.0 -8.627382290739128 0.0 -9.0
857.6902690000004 0.0 -229.5 0.0 -8.548116003531643 0.0 -9.0
857.7448820000004 0.0 -229.5 0.0 -8.660311188119639 0.0 -9.0
857.7983480000004 0.0 -229.5 0.0 -8.611065056342698 0.0 -9.0
857.8552140000004 0.0 -229.5 0.0 -8.55167160477354 0.0 -9.0
857.9095550000004 0.0 -229.5 0.0 -8.674532816442982 0.0 -9.0
857.9708220000005 0.0 -229.5 0.0 -8.360120630219948 0.0 -9.0
858.0270380000004 0.0 -229.5 0.0 -8.888592274155863 0.0 -9.0
858.0833310000004 0.0 -229.5 0.0 -8.280866073877421 0.0 -9.0
858.1375570000004 0.0 -229.5 0.0 -8.977740441667626 0.0 -9.0
858.1919230000003 0.0 -229.5 0.0 -8.577909849598287 0.0 -9.0
858.2460160000003 0.0 -229.5 0.0 -8.635388291076026 0.0 -9.0
858.3010800000003 0.0 -229.5 0.0 -8.600702766287117 0.0 -9.0
858.3573380000003 0.0 -229.5 0.0 -8.635566941783482 0.0 -9.0
858.4114820000002 0.0 -229.5 0.0 -8.561701732035283 0.0 -9.0
858.4658530000002 0.0 -229.5 0.0 -8.638871349554703 0.0 -9.0
858.5198880000002 0.0 -229.5 0.0 -8.602050948300738 0.0 -9.0
858.5746710000002 0.0 -229.5 0.0 -8.605420495864552 0.0 -9.0
858.6290550000002 0.0 -229.5 0.0 -8.65709085059745 0.0 -9.0
858.6828300000002 0.0 -229.5 0.0 -8.647209223206119 0.0 -9.0
858.7365670000002 0.0 -229.5 0.0 -8.620299530174378 0.0 -9.0
858.7908600000002 0.0 -229.5 0.0 -8.561174055429435 0.0 -9.0
858.8453220000001 0.0 -229.5 0.0 -8.700174678783965 0.0 -9.0
858.8990880000001 0.0 -229.5 0.0 -8.626354849020139 0.0 -9.0
858.9534370000001 0.0 -229.5 0.0 -8.631778233034693 0.0 -9.0
859.0076680000001 0.0 -229.5 0.0 -8.620489476538014 0.0 -9.0
859.0621430000001 0.0 -229.5 0.0 -8.63910740399106 0.0 -9.0
859.1169250000002 0.0 -229.5 0.0 -8.585440406569582 0.0 -9.0
859.1706710000002 0.0 -229.5 0.0 -8.715235859187795 0.0 -9.0
859.2249570000002 0.0 -229.5 0.0 -8.602036788293786 0.0 -9.0
859.2806870000003 0.0 -229.5 0.0 -8.651113494009312 0.0 -9.0
859.3347900000003 0.0 -229.5 0.0 -8.633792189512144 0.0 -9.0
859.3889280000003 0.0 -229.5 0.0 -8.669849854451606 0.0 -9.0
859.4430610000003 0.0 -229.5 0.0 -8.658246281706637 0.0 -9.0
859.4977890000002 0.0 -306.0 0.0 -8.61932704474247 0.0 -12.0
859.5521020000002 0.0 -306.0 0.0 -9.022526664212767 0.0 -12.0
859.6134790000002 0.0 -306.0 0.0 -9.509502714616646 0.0 -12.0
859.6686380000002 0.0 -306.0 0.0 -9.904989978877532 0.0 -12.0
859.7234620000003 0.0 -306.0 0.0 -9.878903050298344 0.0 -12.0
859.7777520000003 0.0 -306.0 0.0 -9.88772621417549 0.0 -12.0
859.8320380000004 0.0 -306.0 0.0 -9.945000625414426 0.0 -12.0
859.8857430000004 0.0 -306.0 0.0 -9.876651044915151 0.0 -12.0
859.9422890000004 0.0 -306.0 0.0 -9.515291984927304 0.0 -12.0
859.9966360000004 0.0 -306.0 0.0 -10.285970510837846 0.0 -12.0
860.0566920000005 0.0 -306.0 0.0 -9.856840112232458 0.0 -12.0
860.1129980000004 0.0 -306.0 0.0 -9.940026370283453 0.0 -12.0
860.1683080000004 0.0 -306.0 0.0 -9.82505124211001 0.0 -12.0
860.2228460000003 0.0 -306.0 0.0 -9.923672941006249 0.0 -12.0
860.2765130000004 0.0 -306.0 0.0 -9.930117822710274 0.0 -12.0
860.3326140000004 0.0 -306.0 0.0 -9.901968277735994 0.0 -12.0
860.3866860000004 0.0 -306.0 0.0 -9.831791417603576 0.0 -12.0
860.4444430000004 0.0 -306.0 0.0 -9.921168124477628 0.0 -12.0
860.5001120000004 0.0 -306.0 0.0 -9.852156947244827 0.0 -12.0
860.5543060000005 0.0 -306.0 0.0 -9.86895529129018 0.0 -12.0
860.6082700000004 0.0 -306.0 0.0 -9.799917671572132 0.0 -12.0
860.6630020000003 0.0 -306.0 0.0 -9.852568547562514 0.0 -12.0
860.7168190000003 0.0 -306.0 0.0 -9.877485967000037 0.0 -12.0
860.7702140000004 0.0 -306.0 0.0 -9.834284558336597 0.0 -12.0
860.8245200000003 0.0 -306.0 0.0 -9.818572766749721 0.0 -12.0
860.8787040000003 0.0 -306.0 0.0 -9.797305728383757 0.0 -12.0
860.9343790000003 0.0 -306.0 0.0 -9.822666151014324 0.0 -12.0
860.9924500000003 0.0 -306.0 0.0 -9.76262807674663 0.0 -12.0
861.0467870000003 0.0 -306.0 0.0 -9.922425883871986 0.0 -12.0
861.1019270000004 0.0 -306.0 0.0 -9.861431391502403 0.0 -12.0
861.1557350000004 0.0 -306.0 0.0 -9.929055235220481 0.0 -12.0
861.2099690000003 0.0 -306.0 0.0 -9.829838960391472 0.0 -12.0
861.2706210000003 0.0 -306.0 0.0 -9.90232431200582 0.0 -12.0
861.3336660000003 0.0 -306.0 0.0 -9.22519356825092 0.0 -12.0
861.3877970000003 0.0 -306.0 0.0 -10.673463796730225 0.0 -12.0
861.4420570000003 0.0 -306.0 0.0 -9.880817742626459 0.0 -12.0
861.4977350000003 0.0 -306.0 0.0 -9.849702967950584 0.0 -12.0
861.5559670000002 0.0 -306.0 0.0 -9.774348255870983 0.0 -12.0
861.6101850000002 0.0 -306.0 0.0 -9.988435899202049 0.0 -12.0
861.6639480000002 0.0 -306.0 0.0 -9.905249469308533 0.0 -12.0
861.7221550000003 0.0 -306.0 0.0 -9.776898330830306 0.0 -12.0
861.7767800000003 0.0 -306.0 0.0 -9.860453263874335 0.0 -12.0
861.8308890000003 0.0 -306.0 0.0 -9.89154981665042 0.0 -12.0
861.8860700000002 0.0 -306.0 0.0 -9.655057781691763 0.0 -12.0
861.9397540000002 0.0 -306.0 0.0 -10.044013458359508 0.0 -12.0
861.9936410000003 0.0 -306.0 0.0 -9.787218806579096 0.0 -12.0
862.0478480000003 0.0 -306.0 0.0 -9.869242953788977 0.0 -12.0
862.1044320000003 0.0 -306.0 0.0 -9.367344804082617 0.0 -12.0
862.1593970000004 0.0 -306.0 0.0 -10.318664446062986 0.0 -12.0
862.2132140000003 0.0 -306.0 0.0 -9.79905785501808 0.0 -12.0
862.2676900000004 0.0 -306.0 0.0 -9.866292341953574 0.0 -12.0
862.3221800000003 0.0 -306.0 0.0 -9.803022161928872 0.0 -12.0
862.3777400000004 0.0 -306.0 0.0 -9.829185133401861 0.0 -12.0
862.4325990000003 0.0 -306.0 0.0 -9.862108712702021 0.0 -12.0
862.4871670000003 0.0 -306.0 0.0 -9.784614817666137 0.0 -12.0
862.5432810000003 0.0 -306.0 0.0 -9.787702481414396 0.0 -12.0
862.5974700000003 0.0 -306.0 0.0 -9.860129682100856 0.0 -12.0
862.6559800000002 0.0 -306.0 0.0 -9.48362331470195 0.0 -12.0
862.7102810000002 0.0 -306.0 0.0 -10.181623612551958 0.0 -12.0
862.7649180000002 0.0 -306.0 0.0 -9.83985268883947 0.0 -12.0
862.8192860000001 0.0 -306.0 0.0 -9.769441455754556 0.0 -12.0
862.8752150000001 0.0 -306.0 0.0 -9.939280665168775 0.0 -12.0
862.9297920000001 0.0 -306.0 0.0 -9.652936234507052 0.0 -12.0
862.9856230000001 0.0 -306.0 0.0 -9.975626797797958 0.0 -12.0
863.0398120000001 0.0 -306.0 0.0 -9.808793279806256 0.0 -12.0
863.0993250000001 0.0 -306.0 0.0 -9.804125067271807 0.0 -12.0
863.1533160000001 0.0 -306.0 0.0 -9.903396368215459 0.0 -12.0
863.2068030000001 0.0 -306.0 0.0 -9.849651333421045 0.0 -12.0
863.2604350000001 0.0 -306.0 0.0 -9.802452755788309 0.0 -12.0
863.3148430000001 0.0 -306.0 0.0 -9.766666837589364 0.0 -12.0
863.3701240000001 0.0 -306.0 0.0 -9.91957089421199 0.0 -12.0
863.4243150000001 0.0 -306.0 0.0 -9.802235727576228 0.0 -12.0
863.4780180000001 0.0 -306.0 0.0 -9.866301424645401 0.0 -12.0
863.5321930000001 0.0 -306.0 0.0 -9.803360033591952 0.0 -12.0
863.5865360000001 0.0 -306.0 0.0 -9.847191773289993 0.0 -12.0
863.6410440000002 0.0 -306.0 0.0 -9.865779722242259 0.0 -12.0
863.6946360000002 0.0 -306.0 0.0 -9.840198100155023 0.0 -12.0
863.7524200000001 0.0 -306.0 0.0 -9.808626701247654 0.0 -12.0
863.8064400000002 0.0 -306.0 0.0 -9.852797995903675 0.0 -12.0
863.8600950000002 0.0 -306.0 0.0 -9.909990718961884 0.0 -12.0
863.9140810000002 0.0 -306.0 0.0 -9.83590381444457 0.0 -12.0
863.9706540000002 0.0 -306.0 0.0 -9.922787167674851 0.0 -12.0
864.0269810000002 0.0 -306.0 0.0 -9.777938838104594 0.0 -12.0
864.0813930000002 0.0 -306.0 0.0 -9.929023192020235 0.0 -12.0
864.1359100000002 0.0 -306.0 0.0 -9.740981098982413 0.0 -12.0
864.1903260000001 0.0 -306.0 0.0 -9.951210201711207 0.0 -12.0
864.2450110000001 0.0 -306.0 0.0 -9.847003196475752 0.0 -12.0
864.3001810000001 0.0 -306.0 0.0 -9.895190738178878 0.0 -12.0
864.35386 0.0 -306.0 0.0 -9.859990432912232 0.0 -12.0
864.4075260000001 0.0 -306.0 0.0 -9.869528797027042 0.0 -12.0
864.46135 0.0 -306.0 0.0 -9.845903535615552 0.0 -12.0
864.51484 0.0 -306.0 0.0 -9.876895896726525 0.0 -12.0
864.5689560000001 0.0 -306.0 0.0 -9.811389239411357 0.0 -12.0
864.623147 0.0 -229.5 0.0 -9.878352411329866 0.0 -9.0
864.677446 0.0 -229.5 0.0 -9.616675554772304 0.0 -9.0
864.7318210000001 0.0 -229.5 0.0 -9.180716704694238 0.0 -9.0
864.785599 0.0 -229.5 0.0 -8.920532423856491 0.0 -9.0
864.839724 0.0 -229.5 0.0 -8.732190894973488 0.0 -9.0
864.898851 0.0 -229.5 0.0 -8.602672728226162 0.0 -9.0
864.9550290000001 0.0 -229.5 0.0 -8.611152148638409 0.0 -9.0
865.0111230000001 0.0 -229.5 0.0 -8.309388359720506 0.0 -9.0
865.0652800000001 0.0 -229.5 0.0 -8.919213706573723 0.0 -9.0
865.1211830000001 0.0 -229.5 0.0 -8.438161288386418 0.0 -9.0
865.1746840000001 0.0 -229.5 0.0 -8.828658393501465 0.0 -9.0
865.228558 0.0 -229.5 0.0 -8.585024077545478 0.0 -9.0
865.2840170000001 0.0 -229.5 0.0 -8.63284818979355 0.0 -9.0
865.3391670000001 0.0 -229.5 0.0 -8.59076972093042 0.0 -9.0
865.393937 0.0 -229.5 0.0 -8.581191411837814 0.0 -9.0
865.450013 0.0 -229.5 0.0 -8.627670815550827 0.0 -9.0
865.504664 0.0 -229.5 0.0 -8.655167117955711 0.0 -9.0
865.5589030000001 0.0 -229.5 0.0 -8.578540449817055 0.0 -9.0
865.6127490000001 0.0 -229.5 0.0 -8.650059204468747 0.0 -9.0
865.6666400000001 0.0 -229.5 0.0 -8.641946237353258 0.0 -9.0
865.7211970000002 0.0 -229.5 0.0 -8.597111070879322 0.0 -9.0
865.7747780000002 0.0 -229.5 0.0 -8.667776208328938 0.0 -9.0
865.8289380000002 0.0 -229.5 0.0 -8.627362418187491 0.0 -9.0
865.8832500000002 0.0 -229.5 0.0 -8.635009306365877 0.0 -9.0
865.9365240000002 0.0 -229.5 0.0 -8.648401603573161 0.0 -9.0
865.9922440000001 0.0 -229.5 0.0 -8.582081277787585 0.0 -9.0
866.0465380000002 0.0 -229.5 0.0 -8.621970880911134 0.0 -9.0
866.1039550000002 0.0 -229.5 0.0 -8.651711953605114 0.0 -9.0
866.1583420000002 0.0 -229.5 0.0 -8.570188292241934 0.0 -9.0
866.2125710000001 0.0 -229.5 0.0 -8.62876752331244 0.0 -9.0
866.2668870000001 0.0 -229.5 0.0 -8.622893866287788 0.0 -9.0
866.3203650000002 0.0 -229.5 0.0 -8.635142272605366 0.0 -9.0
866.3747540000002 0.0 -229.5 0.0 -8.486096861889193 0.0 -9.0
866.4287860000002 0.0 -229.5 0.0 -8.729467116857533 0.0 -9.0
866.4826090000001 0.0 -229.5 0.0 -8.609199145213749 0.0 -9.0
866.5362460000001 0.0 -229.5 0.0 -8.592554333177016 0.0 -9.0
866.5906950000001 0.0 -229.5 0.0 -8.571881078738233 0.0 -9.0
866.645558 0.0 -229.5 0.0 -8.66455967132243 0.0 -9.0
866.7001590000001 0.0 -229.5 0.0 -8.567343899962477 0.0 -9.0
866.7539570000001 0.0 -229.5 0.0 -8.66580090604486 0.0 -9.0
866.8084170000001 0.0 -229.5 0.0 -8.592167352583736 0.0 -9.0
866.8629530000001 0.0 -229.5 0.0 -8.561724472691374 0.0 -9.0
866.91767 0.0 -229.5 0.0 -8.671024280607277 0.0 -9.0
866.9717880000001 0.0 -229.5 0.0 -8.654442204835497 0.0 -9.0
867.025659 0.0 -229.5 0.0 -8.593515182069432 0.0 -9.0
867.079975 0.0 -229.5 0.0 -8.600817845124736 0.0 -9.0
867.134006 0.0 -229.5 0.0 -8.624880238324714 0.0 -9.0
867.187694 0.0 -229.5 0.0 -8.597792532184306 0.0 -9.0
867.2446219999999 0.0 -229.5 0.0 -8.525507527836185 0.0 -9.0
867.299491 0.0 -229.5 0.0 -8.687213998915492 0.0 -9.0
867.354275 0.0 -229.5 0.0 -8.621022369014717 0.0 -9.0
867.410644 0.0 -229.5 0.0 -8.559000474506853 0.0 -9.0
867.46456 0.0 -229.5 0.0 -8.673522786222868 0.0 -9.0
867.519019 0.0 -229.5 0.0 -8.616104623302704 0.0 -9.0
867.572965 0.0 -229.5 0.0 -8.586013283771935 0.0 -9.0
867.6271109999999 0.0 -229.5 0.0 -8.631364737234033 0.0 -9.0
867.6811149999999 0.0 -229.5 0.0 -8.628304216545125 0.0 -9.0
867.7365469999999 0.0 -229.5 0.0 -8.62493942677668 0.0 -9.0
867.7914519999998 0.0 -229.5 0.0 -8.610758982429635 0.0 -9.0
867.8472169999998 0.0 -229.5 0.0 -8.552793407804398 0.0 -9.0
867.9026059999998 0.0 -229.5 0.0 -8.640294548940798 0.0 -9.0
867.9567119999998 0.0 -229.5 0.0 -8.605832960927902 0.0 -9.0
868.0129269999998 0.0 -229.5 0.0 -8.643025673885527 0.0 -9.0
868.0672149999998 0.0 -229.5 0.0 -8.571681010614627 0.0 -9.0
868.1208969999998 0.0 -229.5 0.0 -8.66129638857139 0.0 -9.0
868.1747109999998 0.0 -229.5 0.0 -8.594595963014925 0.0 -9.0
868.2289989999998 0.0 -229.5 0.0 -8.589350936425006 0.0 -9.0
868.2834189999999 0.0 -229.5 0.0 -8.58261844142881 0.0 -9.0
868.3377499999999 0.0 -229.5 0.0 -8.624044398736748 0.0 -9.0
868.3916059999999 0.0 -229.5 0.0 -8.626188479618461 0.0 -9.0
868.4460869999999 0.0 -229.5 0.0 -8.587094721618012 0.0 -9.0
868.5002499999999 0.0 -229.5 0.0 -8.618029210029682 0.0 -9.0
868.554552 0.0 -229.5 0.0 -8.636599488920178 0.0 -9.0
868.610297 0.0 -229.5 0.0 -8.602323790540417 0.0 -9.0
868.664446 0.0 -229.5 0.0 -8.598113260398998 0.0 -9.0
868.721554 0.0 -229.5 0.0 -8.631335110852588 0.0 -9.0
868.775277 0.0 -229.5 0.0 -8.607368550908284 0.0 -9.0
868.829671 0.0 -229.5 0.0 -8.59642040106211 0.0 -9.0
868.884454 0.0 -229.5 0.0 -8.622930762414281 0.0 -9.0
868.938936 0.0 -229.5 0.0 -8.590458509506803 0.0 -9.0
868.993474 0.0 -229.5 0.0 -8.615936175384459 0.0 -9.0
869.0476 0.0 -229.5 0.0 -8.656707612381595 0.0 -9.0
869.101487 0.0 -229.5 0.0 -8.589183474307774 0.0 -9.0
869.155706 0.0 -229.5 0.0 -8.655128366938925 0.0 -9.0
869.209532 0.0 -229.5 0.0 -8.618521185034298 0.0 -9.0
869.263212 0.0 -229.5 0.0 -8.616050431327965 0.0 -9.0
869.3174489999999 0.0 -229.5 0.0 -8.60361794278774 0.0 -9.0
869.3721409999999 0.0 -229.5 0.0 -8.601322366085245 0.0 -9.0
869.428949 0.0 -229.5 0.0 -8.700557252779907 0.0 -9.0
869.483249 0.0 -229.5 0.0 -8.580386328981275 0.0 -9.0
869.541238 0.0 -229.5 0.0 -8.592012379681583 0.0 -9.0
869.596592 0.0 -229.5 0.0 -8.476793758001987 0.0 -9.0
869.653056 0.0 -229.5 0.0 -8.509772680576464 0.0 -9.0
869.710293 0.0 -229.5 0.0 -8.962993969708759 0.0 -9.0
869.7642069999999 0.0 -153.0 0.0 -8.61512928488134 0.0 -6.0
869.8195149999999 0.0 -153.0 0.0 -8.038968976721996 0.0 -6.0
869.8738309999999 0.0 -153.0 0.0 -6.559227407965764 0.0 -6.0
869.9305639999999 0.0 -153.0 0.0 -5.648254995613821 0.0 -6.0
869.9851119999998 0.0 -153.0 0.0 -5.325830182141809 0.0 -6.0
870.0418489999998 0.0 -153.0 0.0 -5.243774235189495 0.0 -6.0
870.0957369999999 0.0 -153.0 0.0 -5.1899066775427025 0.0 -6.0
870.1515219999999 0.0 -153.0 0.0 -5.107997636776682 0.0 -6.0
870.2051569999999 0.0 -153.0 0.0 -5.0704131319782 0.0 -6.0
870.2606669999999 0.0 -153.0 0.0 -5.051218514478769 0.0 -6.0
870.3148929999999 0.0 -153.0 0.0 -5.040802244045694 0.0 -6.0
870.3699999999999 0.0 -153.0 0.0 -5.026362335614684 0.0 -6.0
870.4243569999999 0.0 -153.0 0.0 -5.026006820570722 0.0 -6.0
870.4786459999999 0.0 -153.0 0.0 -5.0888448954562255 0.0 -6.0
870.5339949999999 0.0 -153.0 0.0 -5.000052990941479 0.0 -6.0
870.5886019999999 0.0 -153.0 0.0 -5.052183686275853 0.0 -6.0
870.64334 0.0 -153.0 0.0 -5.05235996947534 0.0 -6.0
870.697864 0.0 -153.0 0.0 -5.048438712317686 0.0 -6.0
870.752283 0.0 -153.0 0.0 -5.0167551729962705 0.0 -6.0
870.806007 0.0 -153.0 0.0 -5.064691722014553 0.0 -6.0
870.859743 0.0 -153.0 0.0 -5.039461262743379 0.0 -6.0
870.913922 0.0 -153.0 0.0 -5.023043269904014 0.0 -6.0
870.9682439999999 0.0 -153.0 0.0 -5.0336598243595825 0.0 -6.0
871.0229579999999 0.0 -153.0 0.0 -5.043180133111912 0.0 -6.0
871.0776349999999 0.0 -153.0 0.0 -5.0299258576240655 0.0 -6.0
871.1318099999999 0.0 -153.0 0.0 -5.011904736761856 0.0 -6.0
871.1862069999999 0.0 -153.0 0.0 -5.023192749460126 0.0 -6.0
871.2405619999998 0.0 -153.0 0.0 -5.034133418551007 0.0 -6.0
871.2950099999998 0.0 -153.0 0.0 -5.039629259316321 0.0 -6.0
871.3494919999998 0.0 -153.0 0.0 -5.017116524459855 0.0 -6.0
871.4036059999999 0.0 -153.0 0.0 -5.015781731545149 0.0 -6.0
871.4573539999999 0.0 -153.0 0.0 -5.047259858617533 0.0 -6.0
871.5117899999999 0.0 -153.0 0.0 -4.9993287772821215 0.0 -6.0
871.5656319999999 0.0 -153.0 0.0 -5.053591955601758 0.0 -6.0
871.620099 0.0 -153.0 0.0 -5.029945924902745 0.0 -6.0
871.678233 0.0 -153.0 0.0 -5.0468087448421395 0.0 -6.0
871.732257 0.0 -153.0 0.0 -5.067640524677905 0.0 -6.0
871.7864950000001 0.0 -153.0 0.0 -5.0494143994697165 0.0 -6.0
871.840941 0.0 -153.0 0.0 -5.0556711668517345 0.0 -6.0
871.8949660000001 0.0 -153.0 0.0 -5.0764246954446275 0.0 -6.0
871.9485010000001 0.0 -153.0 0.0 -5.058382187630115 0.0 -6.0
872.0022710000001 0.0 -153.0 0.0 -5.046978786948382 0.0 -6.0
872.0560630000001 0.0 -153.0 0.0 -5.028865090256174 0.0 -6.0
872.1101970000001 0.0 -153.0 0.0 -5.042280941971115 0.0 -6.0
872.16479 0.0 -153.0 0.0 -5.046450801082702 0.0 -6.0
872.218236 0.0 -153.0 0.0 -5.054241757327069 0.0 -6.0
872.2720340000001 0.0 -153.0 0.0 -5.01314799328089 0.0 -6.0
872.3291160000001 0.0 -153.0 0.0 -4.808760386890691 0.0 -6.0
872.3837980000001 0.0 -153.0 0.0 -5.266291150737496 0.0 -6.0
872.437932 0.0 -153.0 0.0 -5.023674739233213 0.0 -6.0
872.491879 0.0 -153.0 0.0 -5.057981167060724 0.0 -6.0
872.546825 0.0 -153.0 0.0 -5.0035549380131705 0.0 -6.0
872.600843 0.0 -153.0 0.0 -5.0335748285207 0.0 -6.0
872.6566690000001 0.0 -153.0 0.0 -5.000288312374244 0.0 -6.0
872.711524 0.0 -153.0 0.0 -5.024096528607189 0.0 -6.0
872.7660340000001 0.0 -153.0 0.0 -5.041816237953261 0.0 -6.0
872.8219440000001 0.0 -153.0 0.0 -5.020227494516807 0.0 -6.0
872.8765400000001 0.0 -153.0 0.0 -5.005761946644483 0.0 -6.0
872.9307330000001 0.0 -153.0 0.0 -5.059802574590377 0.0 -6.0
872.9848710000001 0.0 -153.0 0.0 -5.0197597869735135 0.0 -6.0
873.0386240000001 0.0 -153.0 0.0 -5.062851586332475 0.0 -6.0
873.0926440000002 0.0 -153.0 0.0 -5.056473333934527 0.0 -6.0
873.1517170000002 0.0 -153.0 0.0 -5.059958914121806 0.0 -6.0
873.2053120000002 0.0 -153.0 0.0 -5.0571938921145 0.0 -6.0
873.2604260000002 0.0 -153.0 0.0 -5.027464450447396 0.0 -6.0
873.3170540000002 0.0 -153.0 0.0 -5.0285688207443044 0.0 -6.0
873.3705810000002 0.0 -153.0 0.0 -5.081539626361845 0.0 -6.0
873.4246190000002 0.0 -153.0 0.0 -5.023723599456936 0.0 -6.0
873.4787560000002 0.0 -153.0 0.0 -5.026054234137648 0.0 -6.0
873.5327340000002 0.0 -153.0 0.0 -5.072847733369498 0.0 -6.0
873.5867800000002 0.0 -153.0 0.0 -5.006118384000291 0.0 -6.0
873.6425450000002 0.0 -153.0 0.0 -5.052203185583572 0.0 -6.0
873.6973470000001 0.0 -153.0 0.0 -5.0543365064909755 0.0 -6.0
873.7547610000001 0.0 -153.0 0.0 -5.046608367811968 0.0 -6.0
873.8082390000002 0.0 -153.0 0.0 -5.0521142938913615 0.0 -6.0
873.8617830000002 0.0 -153.0 0.0 -5.015430633192379 0.0 -6.0
873.9180140000002 0.0 -153.0 0.0 -5.023128867410561 0.0 -6.0
873.9723420000003 0.0 -153.0 0.0 -5.057823587914383 0.0 -6.0
874.0263750000003 0.0 -153.0 0.0 -5.0534814466326825 0.0 -6.0
874.0804440000003 0.0 -153.0 0.0 -5.038584786103825 0.0 -6.0
874.1362540000002 0.0 -153.0 0.0 -5.070474019999639 0.0 -6.0
874.1897910000002 0.0 -153.0 0.0 -5.067152116871979 0.0 -6.0
874.2441690000003 0.0 -153.0 0.0 -5.0487628020727895 0.0 -6.0
874.3028470000003 0.0 -153.0 0.0 -4.825097051638416 0.0 -6.0
874.3570390000002 0.0 -153.0 0.0 -5.348425954436001 0.0 -6.0
874.4111560000002 0.0 -153.0 0.0 -5.050068910675059 0.0 -6.0
874.4670430000002 0.0 -153.0 0.0 -4.937329930092601 0.0 -6.0
874.5221990000002 0.0 -153.0 0.0 -5.203641811810754 0.0 -6.0
874.5761630000002 0.0 -153.0 0.0 -5.054610175787294 0.0 -6.0
874.6303060000001 0.0 -153.0 0.0 -5.061817616033786 0.0 -6.0
874.6849960000002 0.0 -153.0 0.0 -5.0182062014605 0.0 -6.0
874.7404100000002 0.0 -153.0 0.0 -5.0824734570835615 0.0 -6.0
874.7948570000002 0.0 -153.0 0.0 -5.080243966715537 0.0 -6.0
874.8501370000002 0.0 -153.0 0.0 -5.030587986631174 0.0 -6.0
874.9043270000002 0.0 -76.5 0.0 -5.101682109538693 0.0 -3.0
874.9607860000002 0.0 -76.5 0.0 -4.561091608089475 0.0 -3.0
875.0158070000002 0.0 -76.5 0.0 -3.2445648737480557 0.0 -3.0
875.0728350000002 0.0 -76.5 0.0 -2.5635122342852577 0.0 -3.0
875.1294130000001 0.0 -76.5 0.0 -2.223613345884457 0.0 -3.0
875.1836750000001 0.0 -76.5 0.0 -1.9764442785306513 0.0 -3.0
875.2379670000001 0.0 -76.5 0.0 -1.818101406161591 0.0 -3.0
875.2914380000001 0.0 -76.5 0.0 -1.7033944629947853 0.0 -3.0
875.3457450000001 0.0 -76.5 0.0 -1.6135829925088176 0.0 -3.0
875.4018370000001 0.0 -76.5 0.0 -1.5913071732019874 0.0 -3.0
875.4556650000001 0.0 -76.5 0.0 -1.548638675503898 0.0 -3.0
875.5093250000001 0.0 -76.5 0.0 -1.5338227953669514 0.0 -3.0
875.5632510000002 0.0 -76.5 0.0 -1.5066895333189445 0.0 -3.0
875.6188400000002 0.0 -76.5 0.0 -1.4969910033489495 0.0 -3.0
875.6725080000002 0.0 -76.5 0.0 -1.4987397440042978 0.0 -3.0
875.7272670000002 0.0 -76.5 0.0 -1.4907767809257828 0.0 -3.0
875.7813490000002 0.0 -76.5 0.0 -1.4854931046925643 0.0 -3.0
875.8394380000002 0.0 -76.5 0.0 -1.48293120778402 0.0 -3.0
875.8936100000002 0.0 -76.5 0.0 -1.5202114458762888 0.0 -3.0
875.9473090000002 0.0 -76.5 0.0 -1.4907290379386045 0.0 -3.0
876.0063450000002 0.0 -76.5 0.0 -1.3673376255325698 0.0 -3.0
876.0610860000003 0.0 -76.5 0.0 -1.6305804051669843 0.0 -3.0
876.1148940000003 0.0 -76.5 0.0 -1.5028626561254808 0.0 -3.0
876.1686500000003 0.0 -76.5 0.0 -1.4945017874838764 0.0 -3.0
876.2235280000003 0.0 -76.5 0.0 -1.5024020725837253 0.0 -3.0
876.2774770000003 0.0 -76.5 0.0 -1.5104924281609642 0.0 -3.0
876.3316710000004 0.0 -76.5 0.0 -1.5125140877782186 0.0 -3.0
876.3858540000003 0.0 -76.5 0.0 -1.5154767770871278 0.0 -3.0
876.4397470000004 0.0 -76.5 0.0 -1.504052229181501 0.0 -3.0
876.4940670000003 0.0 -76.5 0.0 -1.5134205579188371 0.0 -3.0
876.5478440000003 0.0 -76.5 0.0 -1.5010533138877362 0.0 -3.0
876.6118410000003 0.0 -76.5 0.0 -1.3497790077982468 0.0 -3.0
876.6662450000002 0.0 -76.5 0.0 -1.671537305913813 0.0 -3.0
876.7212060000003 0.0 -76.5 0.0 -1.5010058802763664 0.0 -3.0
876.7772960000003 0.0 -76.5 0.0 -1.516969147857599 0.0 -3.0
876.8315260000003 0.0 -76.5 0.0 -1.5123944628374049 0.0 -3.0
876.8861260000003 0.0 -76.5 0.0 -1.5144439042554605 0.0 -3.0
876.9410600000003 0.0 -76.5 0.0 -1.5200788649084884 0.0 -3.0
876.9948670000003 0.0 -76.5 0.0 -1.5091303459984335 0.0 -3.0
877.0483380000003 0.0 -76.5 0.0 -1.5060554520106606 0.0 -3.0
877.1018490000002 0.0 -76.5 0.0 -1.5040333357224185 0.0 -3.0
877.1550790000002 0.0 -76.5 0.0 -1.5038635846001336 0.0 -3.0
877.2083220000002 0.0 -76.5 0.0 -1.4953888659295662 0.0 -3.0
877.2620140000001 0.0 -76.5 0.0 -1.4810970516175317 0.0 -3.0
877.3178250000001 0.0 -76.5 0.0 -1.4188479003979622 0.0 -3.0
877.3720320000001 0.0 -76.5 0.0 -1.5165754368651878 0.0 -3.0
877.4288270000001 0.0 -76.5 0.0 -1.4660479995032036 0.0 -3.0
877.4875490000001 0.0 -76.5 0.0 -1.4408086754050577 0.0 -3.0
877.542628 0.0 -76.5 0.0 -1.5334932968513721 0.0 -3.0
877.597288 0.0 -76.5 0.0 -1.4838245523947735 0.0 -3.0
877.651371 0.0 -76.5 0.0 -1.4961077796612532 0.0 -3.0
877.709099 0.0 -76.5 0.0 -1.3933336436603148 0.0 -3.0
877.7633020000001 0.0 -76.5 0.0 -1.5865930149457939 0.0 -3.0
877.8187120000001 0.0 -76.5 0.0 -1.4767243951126818 0.0 -3.0
877.8725940000002 0.0 -76.5 0.0 -1.4838857524781137 0.0 -3.0
877.9263210000001 0.0 -76.5 0.0 -1.4676341028304731 0.0 -3.0
877.9803370000002 0.0 -76.5 0.0 -1.4659974853582394 0.0 -3.0
878.0348320000002 0.0 -76.5 0.0 -1.43990955995624 0.0 -3.0
878.0893100000002 0.0 -76.5 0.0 -1.4438805473088965 0.0 -3.0
878.1432700000001 0.0 -76.5 0.0 -1.4532970389769384 0.0 -3.0
878.1978260000002 0.0 -76.5 0.0 -1.4576410091547862 0.0 -3.0
878.2534160000002 0.0 -76.5 0.0 -1.471942772678426 0.0 -3.0
878.3072810000002 0.0 -76.5 0.0 -1.4763401632868933 0.0 -3.0
878.3617030000003 0.0 -76.5 0.0 -1.4841444141626638 0.0 -3.0
878.4157860000003 0.0 -76.5 0.0 -1.4934472441906048 0.0 -3.0
878.4694720000002 0.0 -76.5 0.0 -1.4919834194181876 0.0 -3.0
878.5252060000003 0.0 -76.5 0.0 -1.4406013356544225 0.0 -3.0
878.5795680000002 0.0 -76.5 0.0 -1.502546061464527 0.0 -3.0
878.6334790000002 0.0 -76.5 0.0 -1.460845670633701 0.0 -3.0
878.6902650000002 0.0 -76.5 0.0 -1.4536108800142478 0.0 -3.0
878.7451640000002 0.0 -76.5 0.0 -1.4389236084925388 0.0 -3.0
878.7997260000002 0.0 -76.5 0.0 -1.4618760149654881 0.0 -3.0
878.8537310000002 0.0 -76.5 0.0 -1.4627435826799722 0.0 -3.0
878.9077860000001 0.0 -76.5 0.0 -1.4605032640091058 0.0 -3.0
878.961524 0.0 -76.5 0.0 -1.4548381404238555 0.0 -3.0
879.015336 0.0 -76.5 0.0 -1.4546201308878415 0.0 -3.0
879.0692630000001 0.0 -76.5 0.0 -1.4399557972310815 0.0 -3.0
879.124081 0.0 -76.5 0.0 -1.4427996949153798 0.0 -3.0
879.181503 0.0 -76.5 0.0 -1.4316639041856996 0.0 -3.0
879.235305 0.0 -76.5 0.0 -1.44508424910821 0.0 -3.0
879.289267 0.0 -76.5 0.0 -1.4425771703005688 0.0 -3.0
879.345725 0.0 -76.5 0.0 -1.445065048356216 0.0 -3.0
879.399131 0.0 -76.5 0.0 -1.4522070513433163 0.0 -3.0
879.453042 0.0 -76.5 0.0 -1.4270380363559416 0.0 -3.0
879.507218 0.0 -76.5 0.0 -1.4404201537625159 0.0 -3.0
879.561548 0.0 -76.5 0.0 -1.4389856799208014 0.0 -3.0
879.617879 0.0 -76.5 0.0 -1.4474715388236592 0.0 -3.0
879.671513 0.0 -76.5 0.0 -1.4442451297833794 0.0 -3.0
879.7267 0.0 -76.5 0.0 -1.4522729103141045 0.0 -3.0
879.7814890000001 0.0 -76.5 0.0 -1.4558192178821836 0.0 -3.0
879.8378570000001 0.0 -76.5 0.0 -1.4652411062856368 0.0 -3.0
879.8938550000001 0.0 -76.5 0.0 -1.4646443037192842 0.0 -3.0
879.9534070000002 0.0 -76.5 0.0 -1.460997604918733 0.0 -3.0
880.0117830000002 0.0 0.0 0.0 -1.4616728747504313 0.0 0.0
880.0674130000001 0.0 0.0 0.0 -0.8759780436024909 0.0 0.0
880.1227120000001 0.0 0.0 0.0 0.017346876659502523 0.0 0.0
880.1790850000001 0.0 0.0 0.0 0.0 0.0 0.0
880.2343020000001 0.0 0.0 0.0 0.0 0.0 0.0
880.288084 0.0 0.0 0.0 0.0 0.0 0.0
880.342451 0.0 0.0 0.0 0.0 0.0 0.0
880.396608 0.0 0.0 0.0 0.0 0.0 0.0
880.45089 0.0 0.0 0.0 0.0 0.0 0.0
880.504525 0.0 0.0 0.0 0.0 0.0 0.0
880.557783 0.0 0.0 0.0 0.0 0.0 0.0
880.6116539999999 0.0 0.0 0.0 0.0 0.0 0.0
880.6658749999999 0.0 0.0 0.0 0.0 0.0 0.0
880.720123 0.0 0.0 0.0 0.0 0.0 0.0
880.774099 0.0 0.0 0.0 0.0 0.0 0.0
880.827827 0.0 0.0 0.0 0.0 0.0 0.0
880.8818229999999 0.0 0.0 0.0 0.0 0.0 0.0
880.936162 0.0 0.0 0.0 0.0 0.0 0.0
880.9894079999999 0.0 0.0 0.0 0.0 0.0 0.0
881.0437939999999 0.0 0.0 0.0 0.0 0.0 0.0
881.097818 0.0 0.0 0.0 0.0 0.0 0.0
881.151291 0.0 0.0 0.0 0.0 0.0 0.0
881.204745 0.0 0.0 0.0 0.0 0.0 0.0
881.258616 0.0 0.0 0.0 0.0 0.0 0.0
881.312514 0.0 0.0 0.0 0.0 0.0 0.0
881.366099 0.0 0.0 0.0 0.0 0.0 0.0
881.42062 0.0 0.0 0.0 0.0 0.0 0.0
881.480084 0.0 0.0 0.0 0.0 0.0 0.0
881.5334690000001 0.0 0.0 0.0 0.0 0.0 0.0
881.5870520000001 0.0 0.0 0.0 0.0 0.0 0.0
881.6403080000001 0.0 0.0 0.0 0.0 0.0 0.0
881.6935420000001 0.0 0.0 0.0 0.0 0.0 0.0
881.7478570000001 0.0 0.0 0.0 0.0 0.0 0.0
881.8023350000001 0.0 0.0 0.0 0.0 0.0 0.0
881.8565090000001 0.0 0.0 0.0 0.0 0.0 0.0
881.910108 0.0 0.0 0.0 0.0 0.0 0.0
881.963843 0.0 0.0 0.0 0.0 0.0 0.0
882.01766 0.0 0.0 0.0 0.0 0.0 0.0
882.071312 0.0 0.0 0.0 0.0 0.0 0.0
882.125229 0.0 0.0 0.0 0.0 0.0 0.0
882.179332 0.0 0.0 0.0 0.0 0.0 0.0
882.233458 0.0 0.0 0.0 0.0 0.0 0.0
882.2872950000001 0.0 0.0 0.0 0.0 0.0 0.0
882.3417890000001 0.0 0.0 0.0 0.0 0.0 0.0
882.397583 0.0 0.0 0.0 0.0 0.0 0.0
882.4516420000001 0.0 0.0 0.0 0.0 0.0 0.0
882.5081060000001 0.0 0.0 0.0 0.0 0.0 0.0
882.5615160000001 0.0 0.0 0.0 0.0 0.0 0.0
882.6151120000001 0.0 0.0 0.0 0.0 0.0 0.0
882.6685570000001 0.0 0.0 0.0 0.0 0.0 0.0
882.722522 0.0 0.0 0.0 0.0 0.0 0.0
882.778712 0.0 0.0 0.0 0.0 0.0 0.0
882.832808 0.0 0.0 0.0 0.0 0.0 0.0
882.890541 0.0 0.0 0.0 0.0 0.0 0.0
882.943862 0.0 0.0 0.0 0.0 0.0 0.0
882.99738 0.0 0.0 0.0 0.0 0.0 0.0
883.051428 0.0 0.0 0.0 0.0 0.0 0.0
883.105579 0.0 0.0 0.0 0.0 0.0 0.0
883.159967 0.0 0.0 0.0 0.0 0.0 0.0
883.21747 0.0 0.0 0.0 0.0 0.0 0.0
883.271423 0.0 0.0 0.0 0.0 0.0 0.0
883.325199 0.0 0.0 0.0 0.0 0.0 0.0
883.378781 0.0 0.0 0.0 0.0 0.0 0.0
883.432196 0.0 0.0 0.0 0.0 0.0 0.0
883.486225 0.0 0.0 0.0 0.0 0.0 0.0
883.540592 0.0 0.0 0.0 0.0 0.0 0.0
883.5944109999999 0.0 0.0 0.0 0.0 0.0 0.0
883.6483779999999 0.0 0.0 0.0 0.0 0.0 0.0
883.7018899999998 0.0 0.0 0.0 0.0 0.0 0.0
883.7555769999998 0.0 0.0 0.0 0.0 0.0 0.0
883.8091289999998 0.0 0.0 0.0 0.0 0.0 0.0
883.8626559999998 0.0 0.0 0.0 0.0 0.0 0.0
883.9162159999997 0.0 0.0 0.0 0.0 0.0 0.0
883.9702599999997 0.0 0.0 0.0 0.0 0.0 0.0
884.0268389999998 0.0 0.0 0.0 0.0 0.0 0.0
884.0803069999997 0.0 0.0 0.0 0.0 0.0 0.0
884.1352119999997 0.0 0.0 0.0 0.0 0.0 0.0
884.1900199999997 0.0 0.0 0.0 0.0 0.0 0.0
884.2447379999996 0.0 0.0 0.0 0.0 0.0 0.0
884.2982309999996 0.0 0.0 0.0 0.0 0.0 0.0
884.3519949999996 0.0 0.0 0.0 0.0 0.0 0.0
884.4058989999996 0.0 0.0 0.0 0.0 0.0 0.0
884.4598049999996 0.0 0.0 0.0 0.0 0.0 0.0
884.5137399999996 0.0 0.0 0.0 0.0 0.0 0.0
884.5672969999996 0.0 0.0 0.0 0.0 0.0 0.0
884.6219139999996 0.0 0.0 0.0 0.0 0.0 0.0
884.6751009999996 0.0 0.0 0.0 0.0 0.0 0.0
884.7289139999996 0.0 0.0 0.0 0.0 0.0 0.0
884.7827399999995 0.0 0.0 0.0 0.0 0.0 0.0
884.8383979999995 0.0 0.0 0.0 0.0 0.0 0.0
884.8941279999996 0.0 0.0 0.0 0.0 0.0 0.0
884.9486069999996 0.0 0.0 0.0 0.0 0.0 0.0
885.0037239999996 0.0 0.0 0.0 0.0 0.0 0.0
885.0572979999996 0.0 0.0 0.0 0.0 0.0 0.0
885.1110539999996 0.0 0.0 0.0 0.0 0.0 0.0
885.1667469999996 0.0 76.5 0.0 0.0 0.0 3.0
885.2205999999996 0.0 76.5 0.0 0.4185974023964311 0.0 3.0
885.2810929999996 0.0 76.5 0.0 1.164729956926038 0.0 3.0
885.3382709999996 0.0 76.5 0.0 1.457905534034486 0.0 3.0
885.3978639999996 0.0 76.5 0.0 1.398824067004914 0.0 3.0
885.4530549999996 0.0 76.5 0.0 1.4625961490268484 0.0 3.0
885.5078829999997 0.0 76.5 0.0 1.4687803872922962 0.0 3.0
885.5617379999997 0.0 76.5 0.0 1.5113476838476738 0.0 3.0
885.6156909999996 0.0 76.5 0.0 1.5103804423638325 0.0 3.0
885.6695339999997 0.0 76.5 0.0 1.5232648945948863 0.0 3.0
885.7240909999997 0.0 76.5 0.0 1.524428939247852 0.0 3.0
885.7780109999997 0.0 76.5 0.0 1.5451068133977028 0.0 3.0
885.8326799999996 0.0 76.5 0.0 1.5537673958454268 0.0 3.0
885.8861719999996 0.0 76.5 0.0 1.5538829430928993 0.0 3.0
885.9399929999996 0.0 76.5 0.0 1.5497312549310402 0.0 3.0
885.9988649999996 0.0 76.5 0.0 1.5609726274515714 0.0 3.0
886.0525679999996 0.0 76.5 0.0 1.5602813966556999 0.0 3.0
886.1068109999997 0.0 76.5 0.0 1.5527065439628758 0.0 3.0
886.1618449999996 0.0 76.5 0.0 1.556535204832813 0.0 3.0
886.2159819999996 0.0 76.5 0.0 1.5610624996563613 0.0 3.0
886.2700199999996 0.0 76.5 0.0 1.5506086799030505 0.0 3.0
886.3249549999996 0.0 76.5 0.0 1.5628326467506652 0.0 3.0
886.3788289999995 0.0 76.5 0.0 1.5508775218380406 0.0 3.0
886.4349419999995 0.0 76.5 0.0 1.5556664025776294 0.0 3.0
886.4888029999995 0.0 76.5 0.0 1.5485803433215781 0.0 3.0
886.5429969999996 0.0 76.5 0.0 1.5470302079791258 0.0 3.0
886.5974439999995 0.0 76.5 0.0 1.5451270881947379 0.0 3.0
886.6520469999996 0.0 76.5 0.0 1.5459830787805988 0.0 3.0
886.7066569999996 0.0 76.5 0.0 1.5141665843682137 0.0 3.0
886.7610319999997 0.0 76.5 0.0 1.5498192976698477 0.0 3.0
886.8155749999996 0.0 76.5 0.0 1.5098710090389291 0.0 3.0
886.8696729999996 0.0 76.5 0.0 1.5134249321567042 0.0 3.0
886.9233929999996 0.0 76.5 0.0 1.4981818285153081 0.0 3.0
886.9774919999995 0.0 76.5 0.0 1.5009847968934307 0.0 3.0
887.0314479999995 0.0 76.5 0.0 1.511185396498546 0.0 3.0
887.0880839999995 0.0 76.5 0.0 1.499804183972626 0.0 3.0
887.1419279999996 0.0 76.5 0.0 1.5125472245790834 0.0 3.0
887.2005749999995 0.0 76.5 0.0 1.5072597664005223 0.0 3.0
887.2562619999995 0.0 76.5 0.0 1.5158890593972927 0.0 3.0
887.3122099999995 0.0 76.5 0.0 1.4959581281075582 0.0 3.0
887.3694989999995 0.0 76.5 0.0 1.4718250895881873 0.0 3.0
887.4259349999994 0.0 76.5 0.0 1.5289155976473352 0.0 3.0
887.4799089999995 0.0 76.5 0.0 1.4698041632817607 0.0 3.0
887.5358189999995 0.0 76.5 0.0 1.4017518328845628 0.0 3.0
887.5895329999995 0.0 76.5 0.0 1.519779680282886 0.0 3.0
887.6460779999995 0.0 76.5 0.0 1.4640474607054124 0.0 3.0
887.7003309999996 0.0 76.5 0.0 1.4675499859673728 0.0 3.0
887.7540639999995 0.0 76.5 0.0 1.4772890617607322 0.0 3.0
887.8081309999995 0.0 76.5 0.0 1.4814696923240576 0.0 3.0
887.8630899999996 0.0 76.5 0.0 1.4740065055888742 0.0 3.0
887.9170359999996 0.0 76.5 0.0 1.4927944810451568 0.0 3.0
887.9765799999996 0.0 76.5 0.0 1.4394451449245718 0.0 3.0
888.0308599999995 0.0 76.5 0.0 1.5304411043718804 0.0 3.0
888.0850999999996 0.0 76.5 0.0 1.4838187283894237 0.0 3.0
888.1388189999996 0.0 76.5 0.0 1.4794597749181633 0.0 3.0
888.1924869999996 0.0 76.5 0.0 1.4799719833459253 0.0 3.0
888.2468469999995 0.0 76.5 0.0 1.4734845815836057 0.0 3.0
888.3009069999996 0.0 76.5 0.0 1.480774299080006 0.0 3.0
888.3548489999996 0.0 76.5 0.0 1.4849027076282826 0.0 3.0
888.4083249999996 0.0 76.5 0.0 1.4906671381914742 0.0 3.0
888.4622339999996 0.0 76.5 0.0 1.4884808027369063 0.0 3.0
888.5165519999996 0.0 76.5 0.0 1.5046461990491977 0.0 3.0
888.5707829999996 0.0 76.5 0.0 1.509713300138544 0.0 3.0
888.6252139999996 0.0 76.5 0.0 1.5147401469612847 0.0 3.0
888.6820409999996 0.0 76.5 0.0 1.529368132663716 0.0 3.0
888.7371729999995 0.0 76.5 0.0 1.518969538525382 0.0 3.0
888.7908069999995 0.0 76.5 0.0 1.5247293785019578 0.0 3.0
888.8447479999995 0.0 76.5 0.0 1.5080489102351973 0.0 3.0
888.8998149999995 0.0 76.5 0.0 1.502471542284269 0.0 3.0
888.9535659999996 0.0 76.5 0.0 1.4982100998020877 0.0 3.0
889.0073319999996 0.0 76.5 0.0 1.5076049322486076 0.0 3.0
889.0608979999996 0.0 76.5 0.0 1.5006982289997937 0.0 3.0
889.1174109999996 0.0 76.5 0.0 1.504765916810522 0.0 3.0
889.1719859999996 0.0 76.5 0.0 1.518653049176856 0.0 3.0
889.2308259999996 0.0 76.5 0.0 1.4819371576240508 0.0 3.0
889.2864359999996 0.0 76.5 0.0 1.538687861347413 0.0 3.0
889.3408079999996 0.0 76.5 0.0 1.5754866192667003 0.0 3.0
889.3943919999996 0.0 76.5 0.0 1.555690553617196 0.0 3.0
889.4499119999996 0.0 76.5 0.0 1.5541405019601044 0.0 3.0
889.5078459999996 0.0 76.5 0.0 1.5729997683124564 0.0 3.0
889.5614639999997 0.0 76.5 0.0 1.580645618579486 0.0 3.0
889.6152119999997 0.0 76.5 0.0 1.5687911653906688 0.0 3.0
889.6701499999997 0.0 76.5 0.0 1.5653664346919594 0.0 3.0
889.7274069999997 0.0 76.5 0.0 1.5740073772359768 0.0 3.0
889.7808599999997 0.0 76.5 0.0 1.5648869493712603 0.0 3.0
889.8404339999997 0.0 76.5 0.0 1.5635113461483348 0.0 3.0
889.8959669999997 0.0 76.5 0.0 1.5632772654393177 0.0 3.0
889.9503529999997 0.0 76.5 0.0 1.5794905802204147 0.0 3.0
890.0066479999997 0.0 76.5 0.0 1.5796049246453159 0.0 3.0
890.0608329999997 0.0 76.5 0.0 1.5800386678259544 0.0 3.0
890.1165639999997 0.0 76.5 0.0 1.5706325937258794 0.0 3.0
890.1713069999997 0.0 76.5 0.0 1.5718185783703225 0.0 3.0
890.2255519999998 0.0 76.5 0.0 1.5721016220815096 0.0 3.0
890.2796779999998 0.0 76.5 0.0 1.573785722140415 0.0 3.0
890.3338529999997 0.0 153.0 0.0 1.5723622703566609 0.0 6.0
890.3949119999997 0.0 153.0 0.0 2.6432847717005172 0.0 6.0
890.4486309999998 0.0 153.0 0.0 4.256237022954064 0.0 6.0
890.5044669999997 0.0 153.0 0.0 4.7494231420638 0.0 6.0
890.5588599999998 0.0 153.0 0.0 5.0279711033677295 0.0 6.0
890.6127839999998 0.0 153.0 0.0 5.22824648821576 0.0 6.0
890.6664949999998 0.0 153.0 0.0 5.344529631152904 0.0 6.0
890.7204709999999 0.0 153.0 0.0 5.430254188767874 0.0 6.0
890.7763319999999 0.0 153.0 0.0 5.419595293021835 0.0 6.0
890.831159 0.0 153.0 0.0 5.569919769959615 0.0 6.0
890.8848549999999 0.0 153.0 0.0 5.526456474151358 0.0 6.0
890.9384159999998 0.0 153.0 0.0 5.531430973466411 0.0 6.0
890.9961269999999 0.0 153.0 0.0 5.500177888602145 0.0 6.0
891.0510089999999 0.0 153.0 0.0 5.562590006456332 0.0 6.0
891.1061859999999 0.0 153.0 0.0 5.5571893296063175 0.0 6.0
891.1602059999999 0.0 153.0 0.0 5.570555521879758 0.0 6.0
891.2156309999999 0.0 153.0 0.0 5.552227159439615 0.0 6.0
891.2698609999999 0.0 153.0 0.0 5.579055129577982 0.0 6.0
891.3238469999999 0.0 153.0 0.0 5.630923889075033 0.0 6.0
891.3775149999999 0.0 153.0 0.0 5.608879328187819 0.0 6.0
891.4314809999998 0.0 153.0 0.0 5.628566891051889 0.0 6.0
891.4851319999998 0.0 153.0 0.0 5.6356881827092735 0.0 6.0
891.5391129999998 0.0 153.0 0.0 5.630556933531891 0.0 6.0
891.5935139999998 0.0 153.0 0.0 5.612654693497475 0.0 6.0
891.6511349999998 0.0 153.0 0.0 5.639454293545928 0.0 6.0
891.7058169999998 0.0 153.0 0.0 5.588198021543735 0.0 6.0
891.7604129999997 0.0 153.0 0.0 5.596122077944078 0.0 6.0
891.8145829999997 0.0 153.0 0.0 5.591432571595935 0.0 6.0
891.8684199999998 0.0 153.0 0.0 5.578799902158518 0.0 6.0
891.9223589999998 0.0 153.0 0.0 5.578031592082255 0.0 6.0
891.9767319999999 0.0 153.0 0.0 5.5502684738951125 0.0 6.0
892.0311149999999 0.0 153.0 0.0 5.569532802591836 0.0 6.0
892.0849119999999 0.0 153.0 0.0 5.5775985808277415 0.0 6.0
892.1394979999999 0.0 153.0 0.0 5.5303681204766475 0.0 6.0
892.1960189999999 0.0 153.0 0.0 5.605796202644717 0.0 6.0
892.2536969999999 0.0 153.0 0.0 5.252190881271394 0.0 6.0
892.3080209999998 0.0 153.0 0.0 5.916385310333421 0.0 6.0
892.3664399999998 0.0 153.0 0.0 5.592797479815445 0.0 6.0
892.4232559999998 0.0 153.0 0.0 5.466101483076994 0.0 6.0
892.4778469999998 0.0 153.0 0.0 5.796953732240195 0.0 6.0
892.5313549999997 0.0 153.0 0.0 5.664195174363284 0.0 6.0
892.5871109999997 0.0 153.0 0.0 5.656043233454187 0.0 6.0
892.6493689999998 0.0 153.0 0.0 5.616949325454893 0.0 6.0
892.7129799999998 0.0 153.0 0.0 5.486167210150373 0.0 6.0
892.7701219999998 0.0 153.0 0.0 5.890694494014822 0.0 6.0
892.8265309999998 0.0 153.0 0.0 5.623728716031831 0.0 6.0
892.8810839999999 0.0 153.0 0.0 5.610204327539301 0.0 6.0
892.9361819999999 0.0 153.0 0.0 5.626092832826349 0.0 6.0
892.9927549999999 0.0 153.0 0.0 5.59131761541487 0.0 6.0
893.0470599999999 0.0 153.0 0.0 5.599612992704984 0.0 6.0
893.1015809999999 0.0 153.0 0.0 5.595022991163734 0.0 6.0
893.1568399999999 0.0 153.0 0.0 5.581057850569434 0.0 6.0
893.2127009999999 0.0 153.0 0.0 5.502881215617386 0.0 6.0
893.271498 0.0 153.0 0.0 5.6376005134392555 0.0 6.0
893.3255969999999 0.0 153.0 0.0 5.556214838825239 0.0 6.0
893.379836 0.0 153.0 0.0 5.544526195273986 0.0 6.0
893.4342919999999 0.0 153.0 0.0 5.597297492804089 0.0 6.0
893.4880099999999 0.0 153.0 0.0 5.594729947484771 0.0 6.0
893.5417459999999 0.0 153.0 0.0 5.598211307107062 0.0 6.0
893.5958429999998 0.0 153.0 0.0 5.614050272582335 0.0 6.0
893.6502279999999 0.0 153.0 0.0 5.640763544719073 0.0 6.0
893.7043209999998 0.0 153.0 0.0 5.659686154835022 0.0 6.0
893.7583059999998 0.0 153.0 0.0 5.666566396969388 0.0 6.0
893.8126239999998 0.0 153.0 0.0 5.657434388091672 0.0 6.0
893.8686109999998 0.0 153.0 0.0 5.69010456084432 0.0 6.0
893.9222369999998 0.0 153.0 0.0 5.663358773652455 0.0 6.0
893.9762259999998 0.0 153.0 0.0 5.61639676841004 0.0 6.0
894.0305839999997 0.0 153.0 0.0 5.634741765947054 0.0 6.0
894.0857499999997 0.0 153.0 0.0 5.653065828974987 0.0 6.0
894.1393079999997 0.0 153.0 0.0 5.595324038982645 0.0 6.0
894.1933979999997 0.0 153.0 0.0 5.58817489734324 0.0 6.0
894.2474939999996 0.0 153.0 0.0 5.604401099583518 0.0 6.0
894.3026779999997 0.0 153.0 0.0 5.6068951859892335 0.0 6.0
894.3565819999997 0.0 153.0 0.0 5.6243633474894255 0.0 6.0
894.4104629999997 0.0 153.0 0.0 5.576024513757123 0.0 6.0
894.4668729999997 0.0 153.0 0.0 5.610875100927924 0.0 6.0
894.5208759999997 0.0 153.0 0.0 5.617605223219983 0.0 6.0
894.5748259999997 0.0 153.0 0.0 5.579561367658645 0.0 6.0
894.6289889999997 0.0 153.0 0.0 5.655913744806779 0.0 6.0
894.6855479999997 0.0 153.0 0.0 5.642734896434295 0.0 6.0
894.7392589999997 0.0 153.0 0.0 5.660647173246158 0.0 6.0
894.7953249999997 0.0 153.0 0.0 5.64102393982531 0.0 6.0
894.8493209999997 0.0 153.0 0.0 5.691171958892574 0.0 6.0
894.9067189999997 0.0 153.0 0.0 5.640473791472136 0.0 6.0
894.9608609999997 0.0 153.0 0.0 5.691770890094896 0.0 6.0
895.0253909999997 0.0 153.0 0.0 5.627301102707025 0.0 6.0
895.0800359999997 0.0 153.0 0.0 5.671854692221548 0.0 6.0
895.1377369999997 0.0 153.0 0.0 5.608360772656601 0.0 6.0
895.1916009999997 0.0 153.0 0.0 5.681076664073068 0.0 6.0
895.2453679999996 0.0 153.0 0.0 5.624421484128832 0.0 6.0
895.2997379999996 0.0 153.0 0.0 5.607915371737702 0.0 6.0
895.3535719999996 0.0 153.0 0.0 5.630785723454514 0.0 6.0
895.4070409999996 0.0 153.0 0.0 5.60194645757305 0.0 6.0
895.4607389999996 0.0 229.5 0.0 5.6030661485590665 0.0 9.0
895.5146769999997 0.0 229.5 0.0 6.01207887566714 0.0 9.0
895.5688979999996 0.0 229.5 0.0 6.951092601345158 0.0 9.0
895.6234319999996 0.0 229.5 0.0 7.6438291042604405 0.0 9.0
895.6778319999996 0.0 229.5 0.0 8.331850745516263 0.0 9.0
895.7322079999997 0.0 229.5 0.0 8.59044539556377 0.0 9.0
895.7861199999996 0.0 229.5 0.0 8.68840084745339 0.0 9.0
895.8406659999996 0.0 229.5 0.0 8.676224735021744 0.0 9.0
895.8949609999996 0.0 229.5 0.0 8.643013259546212 0.0 9.0
895.9488239999996 0.0 229.5 0.0 8.6615765900477 0.0 9.0
896.0037879999996 0.0 229.5 0.0 8.653001118565987 0.0 9.0
896.0582819999996 0.0 229.5 0.0 8.668661062820522 0.0 9.0
896.1119869999997 0.0 229.5 0.0 8.692417453672048 0.0 9.0
896.1662089999996 0.0 229.5 0.0 8.56707689704755 0.0 9.0
896.2200079999997 0.0 229.5 0.0 8.755684028550535 0.0 9.0
896.2744209999996 0.0 229.5 0.0 8.607522159066537 0.0 9.0
896.3291559999997 0.0 229.5 0.0 8.699718871659764 0.0 9.0
896.3834229999997 0.0 229.5 0.0 8.710225283082899 0.0 9.0
896.4380329999997 0.0 229.5 0.0 8.61511602440128 0.0 9.0
896.4919289999997 0.0 229.5 0.0 8.739925876725364 0.0 9.0
896.5461619999996 0.0 229.5 0.0 8.740448921181034 0.0 9.0
896.6002239999997 0.0 229.5 0.0 8.709540750721606 0.0 9.0
896.6548649999996 0.0 229.5 0.0 8.583016881963058 0.0 9.0
896.7123579999997 0.0 229.5 0.0 8.847168010050412 0.0 9.0
896.7658209999996 0.0 229.5 0.0 8.67434733490072 0.0 9.0
896.8253969999996 0.0 229.5 0.0 8.662624775545195 0.0 9.0
896.8797859999996 0.0 229.5 0.0 8.724197885760136 0.0 9.0
896.9347279999996 0.0 229.5 0.0 8.691385157905584 0.0 9.0
896.9900979999996 0.0 229.5 0.0 8.668380150320623 0.0 9.0
897.0444839999997 0.0 229.5 0.0 8.69469437766224 0.0 9.0
897.1029019999996 0.0 229.5 0.0 8.24730070003768 0.0 9.0
897.1567969999996 0.0 229.5 0.0 9.148569909090428 0.0 9.0
897.2126199999997 0.0 229.5 0.0 8.385813858233865 0.0 9.0
897.2663649999997 0.0 229.5 0.0 9.030423156473315 0.0 9.0
897.3228389999997 0.0 229.5 0.0 8.278955413973735 0.0 9.0
897.3772629999997 0.0 229.5 0.0 9.031444791977776 0.0 9.0
897.4335059999997 0.0 229.5 0.0 8.715473578103001 0.0 9.0
897.4876469999997 0.0 229.5 0.0 8.650765653410307 0.0 9.0
897.5445859999998 0.0 229.5 0.0 8.664534936162328 0.0 9.0
897.5991069999998 0.0 229.5 0.0 8.676684239284263 0.0 9.0
897.6564199999998 0.0 229.5 0.0 8.607157040872526 0.0 9.0
897.7134119999998 0.0 229.5 0.0 8.269351159550265 0.0 9.0
897.7678899999999 0.0 229.5 0.0 9.077958733720752 0.0 9.0
897.8218279999999 0.0 229.5 0.0 8.668206608490355 0.0 9.0
897.8759789999999 0.0 229.5 0.0 8.59956716275941 0.0 9.0
897.929816 0.0 229.5 0.0 8.688922939276914 0.0 9.0
897.983941 0.0 229.5 0.0 8.648005981738002 0.0 9.0
898.038194 0.0 229.5 0.0 8.669153712286782 0.0 9.0
898.092726 0.0 229.5 0.0 8.655584060448618 0.0 9.0
898.148289 0.0 229.5 0.0 8.639996677942015 0.0 9.0
898.202408 0.0 229.5 0.0 8.664917352514344 0.0 9.0
898.2568699999999 0.0 229.5 0.0 8.604181254349564 0.0 9.0
898.313102 0.0 229.5 0.0 8.677942650247925 0.0 9.0
898.3673789999999 0.0 229.5 0.0 8.653832638993292 0.0 9.0
898.4219699999999 0.0 229.5 0.0 8.646229414819 0.0 9.0
898.4763429999999 0.0 229.5 0.0 8.624439744003896 0.0 9.0
898.530269 0.0 229.5 0.0 8.690592343600594 0.0 9.0
898.5840549999999 0.0 229.5 0.0 8.66684255934224 0.0 9.0
898.640368 0.0 229.5 0.0 8.58795332634293 0.0 9.0
898.695869 0.0 229.5 0.0 8.52174870573103 0.0 9.0
898.751966 0.0 229.5 0.0 8.84332245552292 0.0 9.0
898.807644 0.0 229.5 0.0 8.730692634264402 0.0 9.0
898.8618759999999 0.0 229.5 0.0 8.655706864340623 0.0 9.0
898.9159649999999 0.0 229.5 0.0 8.68479796988775 0.0 9.0
898.969663 0.0 229.5 0.0 8.661395256269293 0.0 9.0
899.0232189999999 0.0 229.5 0.0 8.677195767013798 0.0 9.0
899.077381 0.0 229.5 0.0 8.582766261180348 0.0 9.0
899.131042 0.0 229.5 0.0 8.755855535426063 0.0 9.0
899.184593 0.0 229.5 0.0 8.634118829038226 0.0 9.0
899.2407069999999 0.0 229.5 0.0 8.499599465128352 0.0 9.0
899.2947469999999 0.0 229.5 0.0 8.828468063028708 0.0 9.0
899.3492539999999 0.0 229.5 0.0 8.630515765790344 0.0 9.0
899.4030099999999 0.0 229.5 0.0 8.698446523092723 0.0 9.0
899.4571759999999 0.0 229.5 0.0 8.575048559337823 0.0 9.0
899.5113709999999 0.0 229.5 0.0 8.748347501349764 0.0 9.0
899.5661829999999 0.0 229.5 0.0 8.519487869249735 0.0 9.0
899.6231419999999 0.0 229.5 0.0 8.75833016891819 0.0 9.0
899.6771039999999 0.0 229.5 0.0 8.68568336917878 0.0 9.0
899.7323889999999 0.0 229.5 0.0 8.651342955441145 0.0 9.0
899.7857229999998 0.0 229.5 0.0 8.670147760536352 0.0 9.0
899.8390999999998 0.0 229.5 0.0 8.63800306789618 0.0 9.0
899.8938359999999 0.0 229.5 0.0 8.5427084787959 0.0 9.0
899.9543079999999 0.0 229.5 0.0 8.736525359106725 0.0 9.0
900.0150059999999 0.0 229.5 0.0 8.62102574418983 0.0 9.0
900.0695099999998 0.0 229.5 0.0 8.674110559413972 0.0 9.0
900.1246099999998 0.0 229.5 0.0 8.689094877636308 0.0 9.0
900.1782169999999 0.0 229.5 0.0 8.694887433547148 0.0 9.0
900.2339309999999 0.0 229.5 0.0 8.643267330683539 0.0 9.0
900.2885619999998 0.0 229.5 0.0 8.600391057943256 0.0 9.0
900.3424379999998 0.0 229.5 0.0 8.691535688396469 0.0 9.0
900.3962899999998 0.0 229.5 0.0 8.673142976724279 0.0 9.0
900.4504339999997 0.0 229.5 0.0 8.627254337122775 0.0 9.0
900.5048299999997 0.0 229.5 0.0 8.626083566446834 0.0 9.0
900.5592269999997 0.0 306.0 0.0 8.645322960936728 0.0 12.0
900.6135549999998 0.0 306.0 0.0 8.974127556493228 0.0 12.0
900.6683049999998 0.0 306.0 0.0 9.496284810181843 0.0 12.0
900.7231489999998 0.0 306.0 0.0 9.924274718114273 0.0 12.0
900.7775919999998 0.0 306.0 0.0 9.914559768161347 0.0 12.0
900.8329539999997 0.0 306.0 0.0 9.918052947910631 0.0 12.0
900.8872819999998 0.0 306.0 0.0 9.932898095239086 0.0 12.0
900.9408849999998 0.0 306.0 0.0 9.910656484892694 0.0 12.0
900.9951609999997 0.0 306.0 0.0 9.886741896622974 0.0 12.0
901.0493929999997 0.0 306.0 0.0 9.883265986411205 0.0 12.0
901.1033599999996 0.0 306.0 0.0 9.935351862462825 0.0 12.0
901.1571229999996 0.0 306.0 0.0 9.880270005637398 0.0 12.0
901.2124449999997 0.0 306.0 0.0 9.874939065801783 0.0 12.0
901.2696979999996 0.0 306.0 0.0 9.878654465956409 0.0 12.0
901.3252409999996 0.0 306.0 0.0 9.959132982822354 0.0 12.0
901.3802029999996 0.0 306.0 0.0 9.739780130315069 0.0 12.0
901.4345399999996 0.0 306.0 0.0 10.002751544883672 0.0 12.0
901.4885769999996 0.0 306.0 0.0 9.925144321509157 0.0 12.0
901.5422659999996 0.0 306.0 0.0 9.884061178272399 0.0 12.0
901.5966949999996 0.0 306.0 0.0 9.83956368398235 0.0 12.0
901.6507229999996 0.0 306.0 0.0 9.928573150859364 0.0 12.0
901.7048989999996 0.0 306.0 0.0 9.925353622514793 0.0 12.0
901.7583459999996 0.0 306.0 0.0 9.893816191406417 0.0 12.0
901.8125419999997 0.0 306.0 0.0 9.873016076634407 0.0 12.0
901.8673619999996 0.0 306.0 0.0 9.889248021568278 0.0 12.0
901.9238549999997 0.0 306.0 0.0 9.912217518717332 0.0 12.0
901.9778589999996 0.0 306.0 0.0 9.825520282824366 0.0 12.0
902.0333769999996 0.0 306.0 0.0 9.935108183408124 0.0 12.0
902.0878249999996 0.0 306.0 0.0 9.898674005757298 0.0 12.0
902.1439149999997 0.0 306.0 0.0 9.888518165628676 0.0 12.0
902.1979999999996 0.0 306.0 0.0 9.932298458732454 0.0 12.0
902.2546849999997 0.0 306.0 0.0 9.85495163411038 0.0 12.0
902.3087169999997 0.0 306.0 0.0 9.967783837217128 0.0 12.0
902.3642769999997 0.0 306.0 0.0 9.848177059709155 0.0 12.0
902.4233519999997 0.0 306.0 0.0 9.888994394038805 0.0 12.0
902.4777069999997 0.0 306.0 0.0 9.920904824674668 0.0 12.0
902.5328659999997 0.0 306.0 0.0 9.943249970017085 0.0 12.0
902.5917009999997 0.0 306.0 0.0 9.867377191888263 0.0 12.0
902.6466819999997 0.0 306.0 0.0 9.851565887782618 0.0 12.0
902.7011979999997 0.0 306.0 0.0 9.929437254197635 0.0 12.0
902.7572169999997 0.0 306.0 0.0 9.800020007657919 0.0 12.0
902.8112829999998 0.0 306.0 0.0 9.965951106529321 0.0 12.0
902.8657439999997 0.0 306.0 0.0 9.878697367530519 0.0 12.0
902.9199699999997 0.0 306.0 0.0 9.879052511624208 0.0 12.0
902.9771969999997 0.0 306.0 0.0 9.905771957260278 0.0 12.0
903.0312169999997 0.0 306.0 0.0 9.834152527947115 0.0 12.0
903.0895859999997 0.0 306.0 0.0 9.239472065510993 0.0 12.0
903.1440719999997 0.0 306.0 0.0 10.596879249859528 0.0 12.0
903.1979709999997 0.0 306.0 0.0 9.880256168359981 0.0 12.0
903.2523749999997 0.0 306.0 0.0 9.806175872193744 0.0 12.0
903.3064039999997 0.0 306.0 0.0 9.939929896919908 0.0 12.0
903.3619479999998 0.0 306.0 0.0 9.927867031301188 0.0 12.0
903.4166259999997 0.0 306.0 0.0 9.86931650239857 0.0 12.0
903.4704629999998 0.0 306.0 0.0 9.922815923066365 0.0 12.0
903.5245669999998 0.0 306.0 0.0 9.912853461876947 0.0 12.0
903.5792919999998 0.0 306.0 0.0 9.857334577097676 0.0 12.0
903.6342069999998 0.0 306.0 0.0 9.873886971421515 0.0 12.0
903.6888889999998 0.0 306.0 0.0 9.923853777389079 0.0 12.0
903.7432399999998 0.0 306.0 0.0 9.911045294212714 0.0 12.0
903.7969759999997 0.0 306.0 0.0 9.887019554978465 0.0 12.0
903.8512929999997 0.0 306.0 0.0 9.886343302355913 0.0 12.0
903.9053089999998 0.0 306.0 0.0 9.925451175853667 0.0 12.0
903.9595149999998 0.0 306.0 0.0 9.854382865430104 0.0 12.0
904.0131619999997 0.0 306.0 0.0 9.981204638884485 0.0 12.0
904.0667299999998 0.0 306.0 0.0 9.892956838055769 0.0 12.0
904.1228299999998 0.0 306.0 0.0 9.897869984245428 0.0 12.0
904.1766569999998 0.0 306.0 0.0 9.91485769478714 0.0 12.0
904.2306519999997 0.0 306.0 0.0 9.860913060935186 0.0 12.0
904.2892319999997 0.0 306.0 0.0 9.514866660420536 0.0 12.0
904.3435269999998 0.0 306.0 0.0 10.347057881139083 0.0 12.0
904.3970269999998 0.0 306.0 0.0 9.899255498591282 0.0 12.0
904.4505789999997 0.0 306.0 0.0 9.92457304662387 0.0 12.0
904.5044649999998 0.0 306.0 0.0 9.875519081866852 0.0 12.0
904.5609289999998 0.0 306.0 0.0 9.576679696627975 0.0 12.0
904.6152309999998 0.0 306.0 0.0 10.2618135469702 0.0 12.0
904.6688559999998 0.0 306.0 0.0 9.94773387233956 0.0 12.0
904.7273479999998 0.0 306.0 0.0 9.862920234248262 0.0 12.0
904.7812039999998 0.0 306.0 0.0 9.965625550994279 0.0 12.0
904.8346679999997 0.0 306.0 0.0 9.931937440644257 0.0 12.0
904.8906859999997 0.0 306.0 0.0 9.851567631942775 0.0 12.0
904.9474909999998 0.0 306.0 0.0 9.888171484256793 0.0 12.0
905.0015689999998 0.0 306.0 0.0 9.957531154984956 0.0 12.0
905.0555899999998 0.0 306.0 0.0 9.777147253402248 0.0 12.0
905.1129839999999 0.0 306.0 0.0 9.801737456918174 0.0 12.0
905.1676389999999 0.0 306.0 0.0 10.094615787509127 0.0 12.0
905.2216059999998 0.0 306.0 0.0 9.929130602686707 0.0 12.0
905.2753189999999 0.0 306.0 0.0 9.865357523399396 0.0 12.0
905.3296389999998 0.0 306.0 0.0 9.899924909793466 0.0 12.0
905.3838969999998 0.0 306.0 0.0 9.857314369423493 0.0 12.0
905.4376949999998 0.0 306.0 0.0 9.995983514256684 0.0 12.0
905.4921139999999 0.0 306.0 0.0 9.84666001277483 0.0 12.0
905.5462679999999 0.0 306.0 0.0 9.956841941473794 0.0 12.0
905.60033 0.0 306.0 0.0 9.890390168997092 0.0 12.0
905.6547019999999 0.0 306.0 0.0 9.885164084827906 0.0 12.0
905.7091119999999 0.0 229.5 0.0 9.90206118873359 0.0 9.0
905.7637609999999 0.0 229.5 0.0 9.644606801657666 0.0 9.0
905.819045 0.0 229.5 0.0 9.247526331656388 0.0 9.0
905.873353 0.0 229.5 0.0 8.959769038756173 0.0 9.0
905.927106 0.0 229.5 0.0 8.804222171720573 0.0 9.0
905.9816509999999 0.0 229.5 0.0 8.671987132888395 0.0 9.0
906.0356009999999 0.0 229.5 0.0 8.725843662136647 0.0 9.0
906.089982 0.0 229.5 0.0 8.677854094098025 0.0 9.0
906.145121 0.0 229.5 0.0 8.622058805824954 0.0 9.0
906.204816 0.0 229.5 0.0 8.663032499430669 0.0 9.0
906.2587850000001 0.0 229.5 0.0 8.717439383582313 0.0 9.0
906.3130620000001 0.0 229.5 0.0 8.570767156703353 0.0 9.0
906.367475 0.0 229.5 0.0 8.671869226922334 0.0 9.0
906.422445 0.0 229.5 0.0 8.648566499806844 0.0 9.0
906.476899 0.0 229.5 0.0 8.655651091411253 0.0 9.0
906.530897 0.0 229.5 0.0 8.689663351984185 0.0 9.0
906.585693 0.0 229.5 0.0 8.620885027325746 0.0 9.0
906.639455 0.0 229.5 0.0 8.715318556373765 0.0 9.0
906.694102 0.0 229.5 0.0 8.646146036389572 0.0 9.0
906.7496 0.0 229.5 0.0 8.632831281921842 0.0 9.0
906.80908 0.0 229.5 0.0 8.158106355941811 0.0 9.0
906.86283 0.0 229.5 0.0 9.307100692900137 0.0 9.0
906.916609 0.0 229.5 0.0 8.636755615855492 0.0 9.0
906.970404 0.0 229.5 0.0 8.658259836858893 0.0 9.0
907.02594 0.0 229.5 0.0 8.6536972617637 0.0 9.0
907.082567 0.0 229.5 0.0 8.626726946890317 0.0 9.0
907.136963 0.0 229.5 0.0 8.704558618824812 0.0 9.0
907.193072 0.0 229.5 0.0 8.631144756082358 0.0 9.0
907.2477160000001 0.0 229.5 0.0 8.654520380465527 0.0 9.0
907.3049330000001 0.0 229.5 0.0 8.596450252284047 0.0 9.0
907.3591120000001 0.0 229.5 0.0 8.789883085455932 0.0 9.0
907.4148390000001 0.0 229.5 0.0 8.54657596736836 0.0 9.0
907.4705330000002 0.0 229.5 0.0 8.50513562710657 0.0 9.0
907.5242650000001 0.0 229.5 0.0 8.9951171775968 0.0 9.0
907.5804420000002 0.0 229.5 0.0 8.412372838418221 0.0 9.0
907.6349310000002 0.0 229.5 0.0 8.944090530248037 0.0 9.0
907.6883930000001 0.0 229.5 0.0 8.661949536364547 0.0 9.0
907.7424800000001 0.0 229.5 0.0 8.668270299840708 0.0 9.0
907.7968120000002 0.0 229.5 0.0 8.617706204473025 0.0 9.0
907.8509950000001 0.0 229.5 0.0 8.673271881950747 0.0 9.0
907.9047000000002 0.0 229.5 0.0 8.654014705238072 0.0 9.0
907.9588570000002 0.0 229.5 0.0 8.634925393614715 0.0 9.0
908.0131760000002 0.0 229.5 0.0 8.678929122865807 0.0 9.0
908.0714630000001 0.0 229.5 0.0 8.67727684740417 0.0 9.0
908.1251720000001 0.0 229.5 0.0 8.699807268223847 0.0 9.0
908.1790940000001 0.0 229.5 0.0 8.650320340056005 0.0 9.0
908.23382 0.0 229.5 0.0 8.653822627687642 0.0 9.0
908.288003 0.0 229.5 0.0 8.723728760627129 0.0 9.0
908.341393 0.0 229.5 0.0 8.6727324005713 0.0 9.0
908.394523 0.0 229.5 0.0 8.656494858577485 0.0 9.0
908.448835 0.0 229.5 0.0 8.636775518128276 0.0 9.0
908.5023570000001 0.0 229.5 0.0 8.640589363384505 0.0 9.0
908.5557970000001 0.0 229.5 0.0 8.67987571218257 0.0 9.0
908.6092460000001 0.0 229.5 0.0 8.619188081762742 0.0 9.0
908.6659210000001 0.0 229.5 0.0 8.662581250977718 0.0 9.0
908.7197320000001 0.0 229.5 0.0 8.694012516557413 0.0 9.0
908.7732190000002 0.0 229.5 0.0 8.675835456195248 0.0 9.0
908.8270450000001 0.0 229.5 0.0 8.700500501517256 0.0 9.0
908.8811810000001 0.0 229.5 0.0 8.629415214936369 0.0 9.0
908.9353890000001 0.0 229.5 0.0 8.652460682813667 0.0 9.0
908.9899620000001 0.0 229.5 0.0 8.71148187738226 0.0 9.0
909.0442490000001 0.0 229.5 0.0 8.734405218234018 0.0 9.0
909.0979000000001 0.0 229.5 0.0 8.641269348678273 0.0 9.0
909.1514760000001 0.0 229.5 0.0 8.707080346108697 0.0 9.0
909.2049970000002 0.0 229.5 0.0 8.670324004512533 0.0 9.0
909.2585330000002 0.0 229.5 0.0 8.659831549348812 0.0 9.0
909.3122050000002 0.0 229.5 0.0 8.648611953819017 0.0 9.0
909.3697880000002 0.0 229.5 0.0 8.241119115975682 0.0 9.0
909.4269680000002 0.0 229.5 0.0 9.137174631484775 0.0 9.0
909.4813690000002 0.0 229.5 0.0 8.652622237195132 0.0 9.0
909.5348920000002 0.0 229.5 0.0 8.758716298803593 0.0 9.0
909.5918310000003 0.0 229.5 0.0 8.710022481034267 0.0 9.0
909.6456880000003 0.0 229.5 0.0 8.727552906269874 0.0 9.0
909.7018220000003 0.0 229.5 0.0 8.688820587801382 0.0 9.0
909.7558360000004 0.0 229.5 0.0 8.647130291823524 0.0 9.0
909.8139660000004 0.0 229.5 0.0 8.515064598575886 0.0 9.0
909.8685500000004 0.0 229.5 0.0 8.851197845525292 0.0 9.0
909.9228360000004 0.0 229.5 0.0 8.683321441593193 0.0 9.0
909.9778490000004 0.0 229.5 0.0 8.561596019220376 0.0 9.0
910.0339210000004 0.0 229.5 0.0 8.562421505619774 0.0 9.0
910.0905390000004 0.0 229.5 0.0 8.52728885643814 0.0 9.0
910.1447590000004 0.0 229.5 0.0 9.050386871377052 0.0 9.0
910.1993810000004 0.0 229.5 0.0 8.72825365969268 0.0 9.0
910.2537130000004 0.0 229.5 0.0 8.6759697375088 0.0 9.0
910.3086570000004 0.0 229.5 0.0 8.697179420355024 0.0 9.0
910.3621840000004 0.0 229.5 0.0 8.751789372363984 0.0 9.0
910.4165180000005 0.0 229.5 0.0 8.622685482039728 0.0 9.0
910.4705920000005 0.0 229.5 0.0 8.741313670841064 0.0 9.0
910.5252490000005 0.0 229.5 0.0 8.678787878382439 0.0 9.0
910.5860670000005 0.0 229.5 0.0 8.716790504249566 0.0 9.0
910.6403310000005 0.0 229.5 0.0 8.591382079157478 0.0 9.0
910.6947900000005 0.0 229.5 0.0 8.742047888265628 0.0 9.0
910.7488170000005 0.0 229.5 0.0 8.642386322444274 0.0 9.0
910.8042880000005 0.0 229.5 0.0 8.72004005984368 0.0 9.0
910.8584390000005 0.0 153.0 0.0 8.67485434051557 0.0 6.0
910.9129000000005 0.0 153.0 0.0 8.182488833175183 0.0 6.0
910.9665410000005 0.0 153.0 0.0 6.644448940752923 0.0 6.0
911.0207310000004 0.0 153.0 0.0 5.717707568983338 0.0 6.0
911.0751700000004 0.0 153.0 0.0 5.384951291161749 0.0 6.0
911.1304400000004 0.0 153.0 0.0 5.293573446356398 0.0 6.0
911.1847030000004 0.0 153.0 0.0 5.299884391420862 0.0 6.0
911.2398120000004 0.0 153.0 0.0 5.224616114573084 0.0 6.0
911.2942290000003 0.0 153.0 0.0 5.1703034836744095 0.0 6.0
911.3481610000003 0.0 153.0 0.0 5.191008501801144 0.0 6.0
911.4018250000004 0.0 153.0 0.0 5.124874331345241 0.0 6.0
911.4567860000004 0.0 153.0 0.0 5.096438570240686 0.0 6.0
911.5115010000004 0.0 153.0 0.0 5.095684046427245 0.0 6.0
911.5649510000004 0.0 153.0 0.0 5.127446046490501 0.0 6.0
911.6195900000004 0.0 153.0 0.0 5.01674544613805 0.0 6.0
911.6739380000004 0.0 153.0 0.0 5.12215138332026 0.0 6.0
911.7277000000004 0.0 153.0 0.0 5.086091830267871 0.0 6.0
911.7821550000003 0.0 153.0 0.0 5.07068975832456 0.0 6.0
911.8363030000004 0.0 153.0 0.0 5.0613502102555445 0.0 6.0
911.8925240000004 0.0 153.0 0.0 5.081181353353419 0.0 6.0
911.9470970000004 0.0 153.0 0.0 5.041269173594093 0.0 6.0
912.0018930000005 0.0 153.0 0.0 5.0872762492453285 0.0 6.0
912.0611240000004 0.0 153.0 0.0 5.005973064829782 0.0 6.0
912.1240660000004 0.0 153.0 0.0 5.177183717298212 0.0 6.0
912.1803050000004 0.0 153.0 0.0 5.096611991665506 0.0 6.0
912.2352450000004 0.0 153.0 0.0 5.190052805862139 0.0 6.0
912.2911710000004 0.0 153.0 0.0 5.126851344500158 0.0 6.0
912.3459100000005 0.0 153.0 0.0 5.1258699049159695 0.0 6.0
912.4007470000005 0.0 153.0 0.0 5.17356171481801 0.0 6.0
912.4544930000005 0.0 153.0 0.0 5.13936548362303 0.0 6.0
912.5102480000005 0.0 153.0 0.0 5.124510090817008 0.0 6.0
912.5653880000006 0.0 153.0 0.0 5.093811610535245 0.0 6.0
912.6193430000005 0.0 153.0 0.0 5.16301614988728 0.0 6.0
912.6747410000005 0.0 153.0 0.0 5.086538753938545 0.0 6.0
912.7284890000005 0.0 153.0 0.0 5.122219163448486 0.0 6.0
912.7822030000005 0.0 153.0 0.0 5.084386309947563 0.0 6.0
912.8364400000005 0.0 153.0 0.0 5.061888077347828 0.0 6.0
912.8915480000005 0.0 153.0 0.0 4.940106478430881 0.0 6.0
912.9464260000005 0.0 153.0 0.0 5.182806451670443 0.0 6.0
913.0036580000005 0.0 153.0 0.0 5.110425599085805 0.0 6.0
913.0585950000005 0.0 153.0 0.0 5.059377362453578 0.0 6.0
913.1130970000005 0.0 153.0 0.0 5.06719705765263 0.0 6.0
913.1675470000005 0.0 153.0 0.0 5.0737979895210845 0.0 6.0
913.2220380000005 0.0 153.0 0.0 5.068219963593688 0.0 6.0
913.2763260000005 0.0 153.0 0.0 5.0933561148416135 0.0 6.0
913.3302700000005 0.0 153.0 0.0 5.117834189955219 0.0 6.0
913.3842140000005 0.0 153.0 0.0 5.10894288663702 0.0 6.0
913.4387500000005 0.0 153.0 0.0 5.148467905817699 0.0 6.0
913.4930900000005 0.0 153.0 0.0 5.139675838543681 0.0 6.0
913.5547570000006 0.0 153.0 0.0 5.1660026277910545 0.0 6.0
913.6086190000005 0.0 153.0 0.0 5.1389828866778 0.0 6.0
913.6625740000005 0.0 153.0 0.0 5.141681372408407 0.0 6.0
913.7168590000006 0.0 153.0 0.0 5.167855383228803 0.0 6.0
913.7704700000006 0.0 153.0 0.0 5.146939206563675 0.0 6.0
913.8239330000006 0.0 153.0 0.0 5.125302133032145 0.0 6.0
913.8786160000005 0.0 153.0 0.0 5.100420223716805 0.0 6.0
913.9326630000005 0.0 153.0 0.0 5.123167293938221 0.0 6.0
913.9861920000005 0.0 153.0 0.0 5.148551534247742 0.0 6.0
914.0397900000005 0.0 153.0 0.0 5.095390243153166 0.0 6.0
914.0938760000005 0.0 153.0 0.0 5.090208845117576 0.0 6.0
914.1482160000005 0.0 153.0 0.0 5.079655581456103 0.0 6.0
914.2054110000005 0.0 153.0 0.0 5.106184258541857 0.0 6.0
914.2590380000005 0.0 153.0 0.0 5.138248491060989 0.0 6.0
914.3128260000005 0.0 153.0 0.0 5.095225537014152 0.0 6.0
914.3665500000005 0.0 153.0 0.0 5.1030808889538495 0.0 6.0
914.4201070000005 0.0 153.0 0.0 5.092126524629196 0.0 6.0
914.4746910000005 0.0 153.0 0.0 5.061342161245475 0.0 6.0
914.5323650000005 0.0 153.0 0.0 5.036332169241803 0.0 6.0
914.5889430000004 0.0 153.0 0.0 4.99062591201746 0.0 6.0
914.6428620000004 0.0 153.0 0.0 5.37194766847154 0.0 6.0
914.6996770000004 0.0 153.0 0.0 5.124296523480197 0.0 6.0
914.7548330000004 0.0 153.0 0.0 5.0845076326299266 0.0 6.0
914.8119670000004 0.0 153.0 0.0 5.1620051714300255 0.0 6.0
914.8686610000004 0.0 153.0 0.0 4.88227848171305 0.0 6.0
914.9225350000004 0.0 153.0 0.0 5.391569616676908 0.0 6.0
914.9764660000004 0.0 153.0 0.0 5.085272740564721 0.0 6.0
915.0324540000004 0.0 153.0 0.0 5.1168906204796984 0.0 6.0
915.0866390000003 0.0 153.0 0.0 5.061434791388686 0.0 6.0
915.1434850000003 0.0 153.0 0.0 5.091971173870425 0.0 6.0
915.1976150000003 0.0 153.0 0.0 5.046197847758048 0.0 6.0
915.2512920000003 0.0 153.0 0.0 5.1004007620619465 0.0 6.0
915.3052310000003 0.0 153.0 0.0 5.040947089991122 0.0 6.0
915.3592210000003 0.0 153.0 0.0 5.04418066876474 0.0 6.0
915.4183670000003 0.0 153.0 0.0 5.058579319203929 0.0 6.0
915.4725780000003 0.0 153.0 0.0 5.003267964700068 0.0 6.0
915.5262320000004 0.0 153.0 0.0 5.076663017728931 0.0 6.0
915.5800060000004 0.0 153.0 0.0 5.03857589457056 0.0 6.0
915.6342220000004 0.0 153.0 0.0 5.052348041999745 0.0 6.0
915.6887910000004 0.0 153.0 0.0 5.015270303871423 0.0 6.0
915.7460530000004 0.0 153.0 0.0 5.1161243119883295 0.0 6.0
915.8002860000004 0.0 153.0 0.0 5.0445735754747165 0.0 6.0
915.8545550000003 0.0 153.0 0.0 5.105745005840495 0.0 6.0
915.9087360000003 0.0 153.0 0.0 5.13351298698051 0.0 6.0
915.9632640000003 0.0 76.5 0.0 5.110520519006889 0.0 3.0
916.0224120000004 0.0 76.5 0.0 4.660255263463973 0.0 3.0
916.0758360000003 0.0 76.5 0.0 3.30474526068966 0.0 3.0
916.1333310000003 0.0 76.5 0.0 2.58356682809261 0.0 3.0
916.1873490000004 0.0 76.5 0.0 2.264176364919348 0.0 3.0
916.2419330000004 0.0 76.5 0.0 2.05089802158801 0.0 3.0
916.2956090000004 0.0 76.5 0.0 1.9050905766670816 0.0 3.0
916.3495190000003 0.0 76.5 0.0 1.7909481625939343 0.0 3.0
916.4030740000003 0.0 76.5 0.0 1.736546264505309 0.0 3.0
916.4576390000003 0.0 76.5 0.0 1.680669431629252 0.0 3.0
916.5125110000004 0.0 76.5 0.0 1.6319321591880018 0.0 3.0
916.5671880000003 0.0 76.5 0.0 1.6044182758274184 0.0 3.0
916.6232850000004 0.0 76.5 0.0 1.5817602767782462 0.0 3.0
916.6776730000004 0.0 76.5 0.0 1.5723775230365145 0.0 3.0
916.7331070000004 0.0 76.5 0.0 1.5539558922135501 0.0 3.0
916.7885590000003 0.0 76.5 0.0 1.5136637377274063 0.0 3.0
916.8431370000003 0.0 76.5 0.0 1.5906313236403242 0.0 3.0
916.8975260000003 0.0 76.5 0.0 1.545892943873195 0.0 3.0
916.9514820000003 0.0 76.5 0.0 1.5520762954626246 0.0 3.0
917.0059330000003 0.0 76.5 0.0 1.5520603945546718 0.0 3.0
917.0600860000003 0.0 76.5 0.0 1.554401377902583 0.0 3.0
917.1140820000003 0.0 76.5 0.0 1.5447086056678923 0.0 3.0
917.1690880000003 0.0 76.5 0.0 1.5364004025723816 0.0 3.0
917.2233940000003 0.0 76.5 0.0 1.5367740050503298 0.0 3.0
917.2774070000004 0.0 76.5 0.0 1.5513263815118776 0.0 3.0
917.3336290000004 0.0 76.5 0.0 1.5415600057234273 0.0 3.0
917.3902670000004 0.0 76.5 0.0 1.5336247683227038 0.0 3.0
917.4442970000005 0.0 76.5 0.0 1.5392979759123646 0.0 3.0
917.5002430000004 0.0 76.5 0.0 1.5268748834531614 0.0 3.0
917.5548660000004 0.0 76.5 0.0 1.5357581666667968 0.0 3.0
917.6088710000004 0.0 76.5 0.0 1.5400105478852897 0.0 3.0
917.6626900000003 0.0 76.5 0.0 1.5346385231815673 0.0 3.0
917.7180280000003 0.0 76.5 0.0 1.5445174288245014 0.0 3.0
917.7725570000003 0.0 76.5 0.0 1.523452532511245 0.0 3.0
917.8269000000004 0.0 76.5 0.0 1.528666859490747 0.0 3.0
917.8826170000003 0.0 76.5 0.0 1.516794524900774 0.0 3.0
917.9365800000003 0.0 76.5 0.0 1.5243216269067865 0.0 3.0
917.9902920000003 0.0 76.5 0.0 1.524301124140106 0.0 3.0
918.0438950000002 0.0 76.5 0.0 1.5166633028072514 0.0 3.0
918.0979780000002 0.0 76.5 0.0 1.5111841473282606 0.0 3.0
918.1519590000003 0.0 76.5 0.0 1.518482215465678 0.0 3.0
918.2064400000003 0.0 76.5 0.0 1.5098285265096256 0.0 3.0
918.2603820000003 0.0 76.5 0.0 1.5266933826333897 0.0 3.0
918.3138410000003 0.0 76.5 0.0 1.536001014102618 0.0 3.0
918.3675230000002 0.0 76.5 0.0 1.539448491593615 0.0 3.0
918.4214470000003 0.0 76.5 0.0 1.5289819178705155 0.0 3.0
918.4757300000003 0.0 76.5 0.0 1.5427266105038662 0.0 3.0
918.5300600000004 0.0 76.5 0.0 1.5352123296823763 0.0 3.0
918.5849410000004 0.0 76.5 0.0 1.5267905439879201 0.0 3.0
918.6388530000004 0.0 76.5 0.0 1.5355498528265976 0.0 3.0
918.6925180000004 0.0 76.5 0.0 1.5211673483036419 0.0 3.0
918.7499220000004 0.0 76.5 0.0 1.5265286665419897 0.0 3.0
918.8037310000004 0.0 76.5 0.0 1.5064001707386987 0.0 3.0
918.8582200000004 0.0 76.5 0.0 1.5201697023657474 0.0 3.0
918.9124540000004 0.0 76.5 0.0 1.529970436480184 0.0 3.0
918.9660850000004 0.0 76.5 0.0 1.5418067381243712 0.0 3.0
919.0196520000004 0.0 76.5 0.0 1.562451982589312 0.0 3.0
919.0738300000004 0.0 76.5 0.0 1.5749310741709028 0.0 3.0
919.1288750000003 0.0 76.5 0.0 1.569294343937949 0.0 3.0
919.1835940000003 0.0 76.5 0.0 1.608446015956686 0.0 3.0
919.2376860000003 0.0 76.5 0.0 1.5951689837466725 0.0 3.0
919.2929990000002 0.0 76.5 0.0 1.6024457135427457 0.0 3.0
919.3478310000003 0.0 76.5 0.0 1.6068807273193262 0.0 3.0
919.4018720000003 0.0 76.5 0.0 1.6028871300524206 0.0 3.0
919.4582150000002 0.0 76.5 0.0 1.5918795800511707 0.0 3.0
919.5158640000002 0.0 76.5 0.0 1.584104174641236 0.0 3.0
919.5721720000001 0.0 76.5 0.0 1.593720864272267 0.0 3.0
919.6263150000001 0.0 76.5 0.0 1.5936664142885508 0.0 3.0
919.6801480000001 0.0 76.5 0.0 1.5894791664876495 0.0 3.0
919.7338530000002 0.0 76.5 0.0 1.5977329522880195 0.0 3.0
919.7951010000002 0.0 76.5 0.0 1.462828903565565 0.0 3.0
919.8515280000001 0.0 76.5 0.0 1.71531060801633 0.0 3.0
919.9075060000001 0.0 76.5 0.0 1.5388543879553742 0.0 3.0
919.9653670000001 0.0 76.5 0.0 1.6379837078603965 0.0 3.0
920.0205290000001 0.0 76.5 0.0 1.6059627371482215 0.0 3.0
920.0742770000002 0.0 76.5 0.0 1.592885227657761 0.0 3.0
920.1282450000002 0.0 76.5 0.0 1.5899467870335773 0.0 3.0
920.1821020000002 0.0 76.5 0.0 1.5941142553288856 0.0 3.0
920.2372460000003 0.0 76.5 0.0 1.5856121896797042 0.0 3.0
920.2926830000002 0.0 76.5 0.0 1.578096971955865 0.0 3.0
920.3497780000002 0.0 76.5 0.0 1.5322701083162675 0.0 3.0
920.4034420000003 0.0 76.5 0.0 1.6472171943964562 0.0 3.0
920.4568890000003 0.0 76.5 0.0 1.562370429862909 0.0 3.0
920.5116020000003 0.0 76.5 0.0 1.5376150927739094 0.0 3.0
920.5658590000003 0.0 76.5 0.0 1.5726379220456563 0.0 3.0
920.6202730000002 0.0 76.5 0.0 1.5443012474307993 0.0 3.0
920.6746040000003 0.0 76.5 0.0 1.533418478923711 0.0 3.0
920.7287240000003 0.0 76.5 0.0 1.5305344957909686 0.0 3.0
920.7824280000003 0.0 76.5 0.0 1.5289937102061641 0.0 3.0
920.8362000000003 0.0 76.5 0.0 1.526168172399988 0.0 3.0
920.8901040000003 0.0 76.5 0.0 1.5411164875576149 0.0 3.0
920.9458670000002 0.0 76.5 0.0 1.5026413902516194 0.0 3.0
921.0001110000003 0.0 76.5 0.0 1.5562147712310492 0.0 3.0
921.0560640000003 0.0 76.5 0.0 1.5343987176603182 0.0 3.0
921.1096090000003 0.0 0.0 0.0 1.5245764449848713 0.0 0.0
921.1632860000003 0.0 0.0 0.0 0.9257209512081598 0.0 0.0
921.2184830000003 0.0 0.0 0.0 0.007820519585796755 0.0 0.0
921.2724290000003 0.0 0.0 0.0 0.0 0.0 0.0
921.3258710000003 0.0 0.0 0.0 0.0 0.0 0.0
921.3796360000003 0.0 0.0 0.0 0.0 0.0 0.0
921.4334180000003 0.0 0.0 0.0 0.0 0.0 0.0
921.4874460000003 0.0 0.0 0.0 0.0 0.0 0.0
921.5410770000003 0.0 0.0 0.0 0.0 0.0 0.0
921.5943690000004 0.0 0.0 0.0 0.0 0.0 0.0
921.6531690000004 0.0 0.0 0.0 0.0 0.0 0.0
921.7066400000003 0.0 0.0 0.0 0.0 0.0 0.0
921.7599680000003 0.0 0.0 0.0 0.0 0.0 0.0
921.8133210000003 0.0 0.0 0.0 0.0 0.0 0.0
921.8671120000004 0.0 0.0 0.0 0.0 0.0 0.0
921.9208610000004 0.0 0.0 0.0 0.0 0.0 0.0
921.9741690000004 0.0 0.0 0.0 0.0 0.0 0.0
922.0278850000004 0.0 0.0 0.0 0.0 0.0 0.0
922.0828410000004 0.0 0.0 0.0 0.0 0.0 0.0
922.1426230000004 0.0 0.0 0.0 0.0 0.0 0.0
