18.185620000000007 0.0 0.0 0.0 0.0 0.0 0.0
18.239981000000007 0.0 0.0 0.0 0.0 0.0 0.0
18.293843000000006 0.0 0.0 0.0 0.0 0.0 0.0
18.347823000000005 0.0 0.0 0.0 0.0 0.0 0.0
18.402998000000004 0.0 0.0 0.0 0.0 0.0 0.0
18.459893000000005 0.0 0.0 0.0 0.0 0.0 0.0
18.517188000000004 0.0 0.0 0.0 0.0 0.0 0.0
18.571823000000006 0.0 0.0 0.0 0.0 0.0 0.0
18.628143000000005 0.0 0.0 0.0 0.0 0.0 0.0
18.682163000000006 0.0 0.0 0.0 0.0 0.0 0.0
18.739879000000006 0.0 0.0 0.0 0.0 0.0 0.0
18.796969000000004 0.0 0.0 0.0 0.0 0.0 0.0
18.851229000000004 0.0 0.0 0.0 0.0 0.0 0.0
18.910103000000003 0.0 0.0 0.0 0.0 0.0 0.0
18.967198000000003 0.0 0.0 0.0 0.0 0.0 0.0
19.021833000000004 0.0 0.0 0.0 0.0 0.0 0.0
19.078650000000003 0.0 0.0 0.0 0.0 0.0 0.0
19.132556000000005 0.0 0.0 0.0 0.0 0.0 0.0
19.186870000000006 0.0 0.0 0.0 0.0 0.0 0.0
19.241527000000005 0.0 0.0 0.0 0.0 0.0 0.0
19.296193000000006 0.0 0.0 0.0 0.0 0.0 0.0
19.350871000000005 0.0 0.0 0.0 0.0 0.0 0.0
19.404924000000005 0.0 0.0 0.0 0.0 0.0 0.0
19.459299000000005 0.0 0.0 0.0 0.0 0.0 0.0
19.517257000000004 0.0 0.0 0.0 0.0 0.0 0.0
19.572714000000005 0.0 0.0 0.0 0.0 0.0 0.0
19.627744000000003 0.0 0.0 0.0 0.0 0.0 0.0
19.686378000000005 0.0 0.0 0.0 0.0 0.0 0.0
19.741796000000004 0.0 0.0 0.0 0.0 0.0 0.0
19.795955000000003 0.0 0.0 0.0 0.0 0.0 0.0
19.849831000000002 0.0 0.0 0.0 0.0 0.0 0.0
19.904672 0.0 0.0 0.0 0.0 0.0 0.0
19.958579 0.0 0.0 0.0 0.0 0.0 0.0
20.018568000000002 0.0 0.0 0.0 0.0 0.0 0.0
20.072735 0.0 0.0 0.0 0.0 0.0 0.0
20.127082 0.0 0.0 0.0 0.0 0.0 0.0
20.181493000000003 0.0 0.0 0.0 0.0 0.0 0.0
20.235276000000002 0.0 0.0 0.0 0.0 0.0 0.0
20.289878 0.0 0.0 0.0 0.0 0.0 0.0
20.343771 0.0 0.0 0.0 0.0 0.0 0.0
20.397991 0.0 0.0 0.0 0.0 0.0 0.0
20.452348 0.0 0.0 0.0 0.0 0.0 0.0
20.506113 0.0 0.0 0.0 0.0 0.0 0.0
20.559953 0.0 0.0 0.0 0.0 0.0 0.0
20.614367 0.0 0.0 0.0 0.0 0.0 0.0
20.674189000000002 0.0 76.5 0.0 0.0 0.0 3.0
20.729188 0.0 76.5 0.0 0.35755070299593655 0.0 3.0
20.783667 0.0 76.5 0.0 1.0335881997011294 0.0 3.0
20.837589 0.0 76.5 0.0 0.9508681175855905 0.0 3.0
20.898364 0.0 76.5 0.0 0.9407188806363187 0.0 3.0
20.956522 0.0 76.5 0.0 1.0053165107019488 0.0 3.0
21.010955 0.0 76.5 0.0 0.9815930912192297 0.0 3.0
21.068053 0.0 76.5 0.0 0.995419230872087 0.0 3.0
21.123306 0.0 76.5 0.0 0.9609489802906357 0.0 3.0
21.18011 0.0 76.5 0.0 1.0081704891189291 0.0 3.0
21.236537 0.0 76.5 0.0 0.9902561240530349 0.0 3.0
21.29096 0.0 76.5 0.0 0.9835360643032489 0.0 3.0
21.345809999999997 0.0 76.5 0.0 0.9697582589104443 0.0 3.0
21.401302999999995 0.0 76.5 0.0 0.9723506108365548 0.0 3.0
21.464244999999995 0.0 76.5 0.0 0.9609109019006543 0.0 3.0
21.519357999999993 0.0 76.5 0.0 1.0338819694843957 0.0 3.0
21.575004999999994 0.0 76.5 0.0 1.02740830540141 0.0 3.0
21.630009999999995 0.0 76.5 0.0 1.0324240341371647 0.0 3.0
21.685959999999994 0.0 76.5 0.0 1.0244160806171823 0.0 3.0
21.740585999999993 0.0 76.5 0.0 1.0430992015559166 0.0 3.0
21.794341999999993 0.0 76.5 0.0 1.031429293332156 0.0 3.0
21.848791999999992 0.0 76.5 0.0 1.0543986446973503 0.0 3.0
21.902906999999992 0.0 76.5 0.0 1.0697891281524095 0.0 3.0
21.956604999999993 0.0 76.5 0.0 1.066485091882596 0.0 3.0
22.011256999999993 0.0 76.5 0.0 1.0829731085541117 0.0 3.0
22.065675999999993 0.0 76.5 0.0 1.0638129820461169 0.0 3.0
22.125037999999993 0.0 76.5 0.0 1.0956194605353875 0.0 3.0
22.179230999999994 0.0 76.5 0.0 1.069134425416333 0.0 3.0
22.234685999999993 0.0 76.5 0.0 1.06296691183123 0.0 3.0
22.29135399999999 0.0 76.5 0.0 1.0402137025411318 0.0 3.0
22.34724199999999 0.0 76.5 0.0 1.0581642406613159 0.0 3.0
22.40206199999999 0.0 76.5 0.0 1.0569062735605133 0.0 3.0
22.45681299999999 0.0 76.5 0.0 1.076634766407935 0.0 3.0
22.51186599999999 0.0 76.5 0.0 1.0829258268991069 0.0 3.0
22.56640199999999 0.0 76.5 0.0 1.0931919383210453 0.0 3.0
22.62079999999999 0.0 76.5 0.0 1.0994920499789569 0.0 3.0
22.67601499999999 0.0 76.5 0.0 1.077142548373041 0.0 3.0
22.73082199999999 0.0 76.5 0.0 1.1026637243565838 0.0 3.0
22.78699199999999 0.0 76.5 0.0 1.05541343816875 0.0 3.0
22.841872999999993 0.0 76.5 0.0 1.1265214717804404 0.0 3.0
22.896531999999993 0.0 76.5 0.0 1.0968744081416488 0.0 3.0
22.951264999999992 0.0 76.5 0.0 1.1041545455358064 0.0 3.0
23.006138999999994 0.0 76.5 0.0 1.141524220674948 0.0 3.0
23.060765999999994 0.0 76.5 0.0 1.1273694081623353 0.0 3.0
23.115848999999994 0.0 76.5 0.0 1.1607030797895679 0.0 3.0
23.171122999999994 0.0 76.5 0.0 1.1523535751157925 0.0 3.0
23.227287999999994 0.0 76.5 0.0 1.1434663442315842 0.0 3.0
23.281525999999996 0.0 76.5 0.0 1.1416451820867606 0.0 3.0
23.335833999999995 0.0 76.5 0.0 1.1481222030934475 0.0 3.0
23.394269999999995 0.0 76.5 0.0 1.1293967305889434 0.0 3.0
23.450254999999995 0.0 76.5 0.0 1.1120173995241505 0.0 3.0
23.514729999999997 0.0 76.5 0.0 1.0749420917480297 0.0 3.0
23.570847999999998 0.0 76.5 0.0 1.1905770437512073 0.0 3.0
23.626718999999998 0.0 76.5 0.0 1.1065601992586913 0.0 3.0
23.684561999999996 0.0 76.5 0.0 1.1268788298698331 0.0 3.0
23.739706999999996 0.0 76.5 0.0 1.1037330666495333 0.0 3.0
23.794408999999995 0.0 76.5 0.0 1.1196860431674536 0.0 3.0
23.849667999999994 0.0 76.5 0.0 1.1222873718174615 0.0 3.0
23.905504999999994 0.0 76.5 0.0 1.1132469083066818 0.0 3.0
23.960929999999994 0.0 76.5 0.0 1.1102723574752222 0.0 3.0
24.015481999999995 0.0 76.5 0.0 1.1157310448817368 0.0 3.0
24.070091999999995 0.0 76.5 0.0 1.1224506350478987 0.0 3.0
24.124581999999997 0.0 76.5 0.0 1.1152401076738692 0.0 3.0
24.179384999999996 0.0 76.5 0.0 1.130750408420003 0.0 3.0
24.233096999999997 0.0 76.5 0.0 1.115320506181015 0.0 3.0
24.287174999999998 0.0 76.5 0.0 1.1210759223212778 0.0 3.0
24.341687999999998 0.0 76.5 0.0 1.119168816617093 0.0 3.0
24.396773999999997 0.0 76.5 0.0 1.1101394082000264 0.0 3.0
24.451786999999996 0.0 76.5 0.0 1.1255621650522918 0.0 3.0
24.506577999999998 0.0 76.5 0.0 1.1082380358184636 0.0 3.0
24.561455 0.0 76.5 0.0 1.1178634478303373 0.0 3.0
24.623815 0.0 76.5 0.0 0.9921839021712964 0.0 3.0
24.679356000000002 0.0 76.5 0.0 1.2590773225456908 0.0 3.0
24.733240000000002 0.0 76.5 0.0 1.121551680291205 0.0 3.0
24.787540000000003 0.0 76.5 0.0 1.1270921305106143 0.0 3.0
24.842650000000003 0.0 76.5 0.0 1.1053043586827838 0.0 3.0
24.896745000000003 0.0 76.5 0.0 1.129590095082484 0.0 3.0
24.951700000000002 0.0 76.5 0.0 1.1127857235939709 0.0 3.0
25.011201000000003 0.0 76.5 0.0 1.1204670980550107 0.0 3.0
25.065373000000005 0.0 76.5 0.0 1.1085059582044925 0.0 3.0
25.120109000000003 0.0 76.5 0.0 1.1005889680344294 0.0 3.0
25.180618000000003 0.0 76.5 0.0 1.074851053831689 0.0 3.0
25.235132000000004 0.0 76.5 0.0 1.1385046249748836 0.0 3.0
25.289070000000002 0.0 76.5 0.0 1.1008657961952255 0.0 3.0
25.343475 0.0 76.5 0.0 1.1002321805233892 0.0 3.0
25.400069000000002 0.0 76.5 0.0 1.0958136530243685 0.0 3.0
25.455097000000002 0.0 76.5 0.0 1.1330998874318339 0.0 3.0
25.509950000000003 0.0 76.5 0.0 1.1026134210969496 0.0 3.0
25.565381000000002 0.0 76.5 0.0 1.1118827354062453 0.0 3.0
25.620378000000002 0.0 76.5 0.0 1.1032148476082286 0.0 3.0
25.677643000000003 0.0 76.5 0.0 1.0704100092546187 0.0 3.0
25.735590000000002 0.0 76.5 0.0 1.1372720046845588 0.0 3.0
25.793432000000003 0.0 76.5 0.0 1.0729995699643997 0.0 3.0
25.848072000000002 0.0 153.0 0.0 1.1271011833763522 0.0 6.0
25.904516 0.0 153.0 0.0 2.1048288901739043 0.0 6.0
25.957963 0.0 153.0 0.0 3.501648143207967 0.0 6.0
26.014978 0.0 153.0 0.0 4.193576855198844 0.0 6.0
26.075916 0.0 153.0 0.0 4.288026643212434 0.0 6.0
26.143164 0.0 153.0 0.0 4.133877251483047 0.0 6.0
26.197402 0.0 153.0 0.0 4.563043485335155 0.0 6.0
26.252113 0.0 153.0 0.0 4.3123176348862655 0.0 6.0
26.307068 0.0 153.0 0.0 4.360374490255277 0.0 6.0
26.363744 0.0 153.0 0.0 4.341369453719694 0.0 6.0
26.424174 0.0 153.0 0.0 4.320105102614278 0.0 6.0
26.478658 0.0 153.0 0.0 4.287148723256325 0.0 6.0
26.536928 0.0 153.0 0.0 4.22919445910374 0.0 6.0
26.591237 0.0 153.0 0.0 4.382213440256849 0.0 6.0
26.645288 0.0 153.0 0.0 4.309069685763851 0.0 6.0
26.699966 0.0 153.0 0.0 4.328078181746916 0.0 6.0
26.755296 0.0 153.0 0.0 4.249337338328714 0.0 6.0
26.809799 0.0 153.0 0.0 4.356935104748227 0.0 6.0
26.864708 0.0 153.0 0.0 4.291526537408155 0.0 6.0
26.91929 0.0 153.0 0.0 4.3128433258115475 0.0 6.0
26.974618 0.0 153.0 0.0 4.282432733901026 0.0 6.0
27.030693 0.0 153.0 0.0 4.353685694056705 0.0 6.0
27.088658 0.0 153.0 0.0 4.335020254301108 0.0 6.0
27.14353 0.0 153.0 0.0 4.296168485489571 0.0 6.0
27.198544 0.0 153.0 0.0 4.331286748948038 0.0 6.0
27.252976999999998 0.0 153.0 0.0 4.328173486596819 0.0 6.0
27.307277999999997 0.0 153.0 0.0 4.309546421934676 0.0 6.0
27.361440999999996 0.0 153.0 0.0 4.3258397750714135 0.0 6.0
27.416137999999997 0.0 153.0 0.0 4.314298286357244 0.0 6.0
27.471167999999995 0.0 153.0 0.0 4.320440005339102 0.0 6.0
27.526639999999997 0.0 153.0 0.0 4.324923557681297 0.0 6.0
27.582200999999998 0.0 153.0 0.0 4.3706541933280185 0.0 6.0
27.636698 0.0 153.0 0.0 4.3477336055429845 0.0 6.0
27.692228 0.0 153.0 0.0 4.345454596500413 0.0 6.0
27.746069 0.0 153.0 0.0 4.377544880094427 0.0 6.0
27.800987 0.0 153.0 0.0 4.357198685051183 0.0 6.0
27.858373999999998 0.0 153.0 0.0 4.351937288039689 0.0 6.0
27.912525999999996 0.0 153.0 0.0 4.3276042063785765 0.0 6.0
27.967299999999994 0.0 153.0 0.0 4.286341917760066 0.0 6.0
28.028010999999996 0.0 153.0 0.0 4.3277604549862465 0.0 6.0
28.083263999999996 0.0 153.0 0.0 4.291717939075793 0.0 6.0
28.137981999999997 0.0 153.0 0.0 4.358223293854054 0.0 6.0
28.193904999999997 0.0 153.0 0.0 4.344077465957431 0.0 6.0
28.248043999999997 0.0 153.0 0.0 4.4730495979390525 0.0 6.0
28.303696999999996 0.0 153.0 0.0 4.709883434435055 0.0 6.0
28.358655999999996 0.0 153.0 0.0 5.142877642057571 0.0 6.0
28.415989999999997 0.0 153.0 0.0 5.247731643445857 0.0 6.0
28.474206999999996 0.0 153.0 0.0 5.343621580901095 0.0 6.0
28.529113999999996 0.0 153.0 0.0 5.540839479641998 0.0 6.0
28.586207999999996 0.0 153.0 0.0 5.46048802024722 0.0 6.0
28.643537999999996 0.0 153.0 0.0 5.589437478914336 0.0 6.0
28.699134999999995 0.0 153.0 0.0 5.589400054840751 0.0 6.0
28.755508999999996 0.0 153.0 0.0 5.588083226276897 0.0 6.0
28.809605999999995 0.0 153.0 0.0 5.602524269180003 0.0 6.0
28.865299999999994 0.0 153.0 0.0 5.62186364659292 0.0 6.0
28.922935999999993 0.0 153.0 0.0 5.603035246900945 0.0 6.0
28.977415999999995 0.0 153.0 0.0 5.616841289163578 0.0 6.0
29.032006999999993 0.0 153.0 0.0 5.640564255983943 0.0 6.0
29.087785999999994 0.0 153.0 0.0 5.615876291672586 0.0 6.0
29.144584999999996 0.0 153.0 0.0 5.6763137340017655 0.0 6.0
29.199498999999996 0.0 153.0 0.0 5.675514013452952 0.0 6.0
29.254290999999995 0.0 153.0 0.0 5.661890041176899 0.0 6.0
29.308961999999994 0.0 153.0 0.0 5.708636128008132 0.0 6.0
29.363592999999995 0.0 153.0 0.0 5.672430239421332 0.0 6.0
29.418438999999996 0.0 153.0 0.0 5.6711821159008755 0.0 6.0
29.476356999999997 0.0 153.0 0.0 5.52689505749199 0.0 6.0
29.532861999999998 0.0 153.0 0.0 5.771208101358861 0.0 6.0
29.587013999999996 0.0 153.0 0.0 5.557862545031839 0.0 6.0
29.641162999999995 0.0 153.0 0.0 5.442135353033012 0.0 6.0
29.696161999999994 0.0 153.0 0.0 5.364132619824405 0.0 6.0
29.750858999999995 0.0 153.0 0.0 5.318337216820464 0.0 6.0
29.805782999999995 0.0 153.0 0.0 5.216016168877309 0.0 6.0
29.860994999999996 0.0 153.0 0.0 5.1618780593748985 0.0 6.0
29.915702999999997 0.0 153.0 0.0 5.134034733583999 0.0 6.0
29.970285999999998 0.0 153.0 0.0 5.075494430048515 0.0 6.0
30.024071 0.0 153.0 0.0 5.062514661336593 0.0 6.0
30.078931 0.0 153.0 0.0 4.971181558140099 0.0 6.0
30.133419 0.0 153.0 0.0 4.942622775098513 0.0 6.0
30.18776 0.0 153.0 0.0 4.925983684225507 0.0 6.0
30.242605 0.0 153.0 0.0 4.896457613705037 0.0 6.0
30.297434000000003 0.0 153.0 0.0 4.879516125492699 0.0 6.0
30.352145000000004 0.0 153.0 0.0 4.797113660926539 0.0 6.0
30.407154000000002 0.0 153.0 0.0 4.7414811234140295 0.0 6.0
30.466062 0.0 153.0 0.0 4.7818317952985705 0.0 6.0
30.520804000000002 0.0 153.0 0.0 4.698018493565924 0.0 6.0
30.576394 0.0 153.0 0.0 4.722986364385524 0.0 6.0
30.630984 0.0 153.0 0.0 4.690891623054276 0.0 6.0
30.686106000000002 0.0 153.0 0.0 4.614293690799028 0.0 6.0
30.743957 0.0 153.0 0.0 4.628767106493193 0.0 6.0
30.799192 0.0 153.0 0.0 4.631772562133329 0.0 6.0
30.853185 0.0 153.0 0.0 4.628165037849215 0.0 6.0
30.908286 0.0 153.0 0.0 4.589938466191781 0.0 6.0
30.965642 0.0 229.5 0.0 4.571711229337009 0.0 9.0
31.024547 0.0 229.5 0.0 5.179428091806428 0.0 9.0
31.078792 0.0 229.5 0.0 5.761425292172731 0.0 9.0
31.136017 0.0 229.5 0.0 6.147844717438832 0.0 9.0
31.19486 0.0 229.5 0.0 6.645554266273725 0.0 9.0
31.257054 0.0 229.5 0.0 6.974621385157571 0.0 9.0
31.315515 0.0 229.5 0.0 7.358450230615506 0.0 9.0
31.370723 0.0 229.5 0.0 7.96491532041247 0.0 9.0
31.427952 0.0 229.5 0.0 8.095982147970782 0.0 9.0
31.484592000000003 0.0 229.5 0.0 8.361389426603704 0.0 9.0
31.538965 0.0 229.5 0.0 8.514175351245331 0.0 9.0
31.593377 0.0 229.5 0.0 8.442843051595332 0.0 9.0
31.648806 0.0 229.5 0.0 8.476572983212723 0.0 9.0
31.703909 0.0 229.5 0.0 8.474496290389206 0.0 9.0
31.759007 0.0 229.5 0.0 8.491804979764975 0.0 9.0
31.813771 0.0 229.5 0.0 8.466523721286936 0.0 9.0
31.868201 0.0 229.5 0.0 8.501734399904164 0.0 9.0
31.922659 0.0 229.5 0.0 8.437472962955756 0.0 9.0
31.978095 0.0 229.5 0.0 8.476367831970517 0.0 9.0
32.034612 0.0 229.5 0.0 8.455116621051832 0.0 9.0
32.08831 0.0 229.5 0.0 8.559570046491556 0.0 9.0
32.142706 0.0 229.5 0.0 8.488531789244982 0.0 9.0
32.197525 0.0 229.5 0.0 8.34866194649841 0.0 9.0
32.252978 0.0 229.5 0.0 8.523935502805253 0.0 9.0
32.307833 0.0 229.5 0.0 8.538166133283884 0.0 9.0
32.366915 0.0 229.5 0.0 8.454169633686524 0.0 9.0
32.420956 0.0 229.5 0.0 8.475953539313739 0.0 9.0
32.474832 0.0 229.5 0.0 8.480545833008783 0.0 9.0
32.529935 0.0 229.5 0.0 8.432715700625579 0.0 9.0
32.587505 0.0 229.5 0.0 8.377113857234637 0.0 9.0
32.642382 0.0 229.5 0.0 8.50677477539693 0.0 9.0
32.702649 0.0 229.5 0.0 7.708563670969716 0.0 9.0
32.757456 0.0 229.5 0.0 9.307882041473512 0.0 9.0
32.812014999999995 0.0 229.5 0.0 8.463171524547189 0.0 9.0
32.86661599999999 0.0 229.5 0.0 8.494434072863443 0.0 9.0
32.92156299999999 0.0 229.5 0.0 8.474987923464152 0.0 9.0
32.97718999999999 0.0 229.5 0.0 8.524001942982187 0.0 9.0
33.031670999999996 0.0 229.5 0.0 8.650481108736782 0.0 9.0
33.08559999999999 0.0 229.5 0.0 8.655423169404916 0.0 9.0
33.141757999999996 0.0 229.5 0.0 8.396429315826547 0.0 9.0
33.19675599999999 0.0 229.5 0.0 8.933697559404337 0.0 9.0
33.25120199999999 0.0 229.5 0.0 8.648994514053028 0.0 9.0
33.30554899999999 0.0 229.5 0.0 8.63650857306385 0.0 9.0
33.36049899999999 0.0 229.5 0.0 8.709322561806767 0.0 9.0
33.41494499999999 0.0 229.5 0.0 8.648994514053028 0.0 9.0
33.468448999999985 0.0 229.5 0.0 8.694593468981532 0.0 9.0
33.525457999999986 0.0 229.5 0.0 8.170132574222038 0.0 9.0
33.580342999999985 0.0 229.5 0.0 9.108516343573736 0.0 9.0
33.64132799999999 0.0 229.5 0.0 8.370465422208357 0.0 9.0
33.696679999999986 0.0 229.5 0.0 9.022136938217733 0.0 9.0
33.75471299999999 0.0 229.5 0.0 8.673105130305906 0.0 9.0
33.811573999999986 0.0 229.5 0.0 8.70172617661908 0.0 9.0
33.866112999999984 0.0 229.5 0.0 8.685253187921914 0.0 9.0
33.922333999999985 0.0 229.5 0.0 8.643809515140505 0.0 9.0
33.97639499999998 0.0 229.5 0.0 8.737205244274467 0.0 9.0
34.030121999999984 0.0 229.5 0.0 8.638865701393241 0.0 9.0
34.08481299999998 0.0 229.5 0.0 8.643574969989203 0.0 9.0
34.13967799999998 0.0 229.5 0.0 8.674734278815253 0.0 9.0
34.19364899999998 0.0 229.5 0.0 8.668238637943913 0.0 9.0
34.24790599999998 0.0 229.5 0.0 8.582766489680314 0.0 9.0
34.310454999999976 0.0 229.5 0.0 8.576011610011827 0.0 9.0
34.36491299999997 0.0 229.5 0.0 8.675272305335511 0.0 9.0
34.418650999999976 0.0 229.5 0.0 8.630849581532933 0.0 9.0
34.47239799999998 0.0 229.5 0.0 8.56425991793364 0.0 9.0
34.529357999999974 0.0 229.5 0.0 8.593134335567974 0.0 9.0
34.58411999999997 0.0 229.5 0.0 8.529018216693252 0.0 9.0
34.638929999999974 0.0 229.5 0.0 8.567053172902387 0.0 9.0
34.692941999999974 0.0 229.5 0.0 8.59860988333098 0.0 9.0
34.746823999999975 0.0 229.5 0.0 8.498294708403451 0.0 9.0
34.80688599999998 0.0 229.5 0.0 8.503889535032046 0.0 9.0
34.86918199999998 0.0 229.5 0.0 8.530768790069697 0.0 9.0
34.92444699999998 0.0 229.5 0.0 8.525160075006417 0.0 9.0
34.97919699999998 0.0 229.5 0.0 8.533515713651415 0.0 9.0
35.033510999999976 0.0 229.5 0.0 8.499581115633735 0.0 9.0
35.088178999999975 0.0 229.5 0.0 8.546315675027712 0.0 9.0
35.14266499999997 0.0 229.5 0.0 8.51060214218657 0.0 9.0
35.197590999999974 0.0 229.5 0.0 8.554199539134434 0.0 9.0
35.25216099999997 0.0 229.5 0.0 8.49750171008205 0.0 9.0
35.30883499999997 0.0 229.5 0.0 8.307287800735642 0.0 9.0
35.364126999999975 0.0 229.5 0.0 8.719643981428398 0.0 9.0
35.42267199999998 0.0 229.5 0.0 8.246614407273288 0.0 9.0
35.47945299999998 0.0 229.5 0.0 8.767202702766385 0.0 9.0
35.53361099999998 0.0 229.5 0.0 8.471812422245446 0.0 9.0
35.58833599999998 0.0 229.5 0.0 8.481321837163174 0.0 9.0
35.643502999999974 0.0 229.5 0.0 8.458578975890996 0.0 9.0
35.697474999999976 0.0 229.5 0.0 8.500119578991871 0.0 9.0
35.751514999999976 0.0 229.5 0.0 8.461022021197614 0.0 9.0
35.80612899999998 0.0 229.5 0.0 8.514367670888584 0.0 9.0
35.86337899999998 0.0 229.5 0.0 8.406344394445144 0.0 9.0
35.92040799999998 0.0 229.5 0.0 8.260621934430025 0.0 9.0
35.98077799999998 0.0 229.5 0.0 8.53359668613726 0.0 9.0
36.035432999999976 0.0 229.5 0.0 8.63961509415173 0.0 9.0
36.091826999999974 0.0 229.5 0.0 8.498222509911647 0.0 9.0
36.15125999999997 0.0 306.0 0.0 8.48010020493191 0.0 12.0
36.20646499999997 0.0 306.0 0.0 8.660404715244722 0.0 12.0
36.26285799999997 0.0 306.0 0.0 8.827523569694431 0.0 12.0
36.31737999999997 0.0 306.0 0.0 8.948353776741534 0.0 12.0
36.378285999999974 0.0 306.0 0.0 9.058569366996869 0.0 12.0
36.43434599999998 0.0 306.0 0.0 9.218765293028468 0.0 12.0
36.48938099999997 0.0 306.0 0.0 9.474124720680773 0.0 12.0
36.545060999999976 0.0 306.0 0.0 9.610738910486676 0.0 12.0
36.599537999999974 0.0 306.0 0.0 9.693546731332551 0.0 12.0
36.65397899999997 0.0 306.0 0.0 9.713171947284193 0.0 12.0
36.70832999999997 0.0 306.0 0.0 9.769849741984592 0.0 12.0
36.76268599999997 0.0 306.0 0.0 9.714242807347555 0.0 12.0
36.81671099999997 0.0 306.0 0.0 9.76932097738242 0.0 12.0
36.87154999999997 0.0 306.0 0.0 9.682035414212239 0.0 12.0
36.92869099999997 0.0 306.0 0.0 9.73349797521819 0.0 12.0
36.98360499999997 0.0 306.0 0.0 9.702002102406185 0.0 12.0
37.03945799999997 0.0 306.0 0.0 9.693465486958225 0.0 12.0
37.09502599999997 0.0 306.0 0.0 9.57659482517775 0.0 12.0
37.14968999999997 0.0 306.0 0.0 9.963095736985895 0.0 12.0
37.203939999999974 0.0 306.0 0.0 9.733223632003387 0.0 12.0
37.25851899999997 0.0 306.0 0.0 9.704430869404959 0.0 12.0
37.31638899999997 0.0 306.0 0.0 9.755096124309123 0.0 12.0
37.37083799999997 0.0 306.0 0.0 9.724958083369652 0.0 12.0
37.42758599999997 0.0 306.0 0.0 9.691875466765392 0.0 12.0
37.48220799999997 0.0 306.0 0.0 9.76791687227579 0.0 12.0
37.53606299999997 0.0 306.0 0.0 9.709317884093895 0.0 12.0
37.59083799999997 0.0 306.0 0.0 9.682840367330876 0.0 12.0
37.64639799999997 0.0 306.0 0.0 9.713507036802893 0.0 12.0
37.70093899999997 0.0 306.0 0.0 9.754282677354983 0.0 12.0
37.75531999999997 0.0 306.0 0.0 9.672733595891152 0.0 12.0
37.81145199999997 0.0 306.0 0.0 9.747821517805185 0.0 12.0
37.87106899999997 0.0 306.0 0.0 9.76449543289994 0.0 12.0
37.92609099999997 0.0 306.0 0.0 9.791922308876352 0.0 12.0
37.980979999999974 0.0 306.0 0.0 9.9545866292249 0.0 12.0
38.044140999999975 0.0 306.0 0.0 9.867393273954995 0.0 12.0
38.098934999999976 0.0 306.0 0.0 9.984100283684366 0.0 12.0
38.155063999999975 0.0 306.0 0.0 9.926936805946234 0.0 12.0
38.20999499999998 0.0 306.0 0.0 9.891966666444903 0.0 12.0
38.26511899999998 0.0 306.0 0.0 9.926070630531903 0.0 12.0
38.322207999999975 0.0 306.0 0.0 9.95156082976135 0.0 12.0
38.37700999999998 0.0 306.0 0.0 9.902123503798942 0.0 12.0
38.431911999999976 0.0 306.0 0.0 9.94524060177349 0.0 12.0
38.487229999999975 0.0 306.0 0.0 9.841838323513473 0.0 12.0
38.54310699999998 0.0 306.0 0.0 9.96998961089029 0.0 12.0
38.59836899999998 0.0 306.0 0.0 9.837924802471917 0.0 12.0
38.654244999999975 0.0 306.0 0.0 9.892913187986695 0.0 12.0
38.711098999999976 0.0 306.0 0.0 9.872056705660638 0.0 12.0
38.76947499999998 0.0 306.0 0.0 9.705047777713377 0.0 12.0
38.82368899999998 0.0 306.0 0.0 10.233350677868662 0.0 12.0
38.88069599999998 0.0 306.0 0.0 9.848926709528806 0.0 12.0
38.935896999999976 0.0 306.0 0.0 9.866173898418452 0.0 12.0
38.990933999999974 0.0 306.0 0.0 9.92433185865957 0.0 12.0
39.045967999999974 0.0 306.0 0.0 9.85863731078879 0.0 12.0
39.10054399999997 0.0 306.0 0.0 9.930824662901532 0.0 12.0
39.15678999999997 0.0 306.0 0.0 9.757057707614944 0.0 12.0
39.21180699999997 0.0 306.0 0.0 9.942760014133476 0.0 12.0
39.268001999999974 0.0 306.0 0.0 9.837607981823368 0.0 12.0
39.322852999999974 0.0 306.0 0.0 9.800588286694907 0.0 12.0
39.37738999999998 0.0 306.0 0.0 9.81216316511539 0.0 12.0
39.43388299999998 0.0 306.0 0.0 9.68807829602428 0.0 12.0
39.48777299999998 0.0 306.0 0.0 9.885466324084497 0.0 12.0
39.542833999999985 0.0 306.0 0.0 9.642998494033616 0.0 12.0
39.59873799999998 0.0 306.0 0.0 9.728378173667036 0.0 12.0
39.65360699999998 0.0 306.0 0.0 9.858563038817561 0.0 12.0
39.70807199999998 0.0 306.0 0.0 9.733549341548704 0.0 12.0
39.76382099999998 0.0 306.0 0.0 9.72531417225408 0.0 12.0
39.81907299999998 0.0 306.0 0.0 9.693867642838176 0.0 12.0
39.87337999999998 0.0 306.0 0.0 9.851953082340373 0.0 12.0
39.92748599999998 0.0 306.0 0.0 9.707712891957298 0.0 12.0
39.98221099999998 0.0 306.0 0.0 9.71272177321921 0.0 12.0
40.03694499999998 0.0 306.0 0.0 9.753186956501743 0.0 12.0
40.09182799999998 0.0 306.0 0.0 9.744186721016712 0.0 12.0
40.14758499999998 0.0 306.0 0.0 9.685208918899987 0.0 12.0
40.203190999999975 0.0 306.0 0.0 9.746011645432045 0.0 12.0
40.262040999999975 0.0 306.0 0.0 9.73935084291102 0.0 12.0
40.318281999999975 0.0 306.0 0.0 9.474790098767315 0.0 12.0
40.37558499999997 0.0 306.0 0.0 9.574569884345516 0.0 12.0
40.431042999999974 0.0 306.0 0.0 10.143909257498677 0.0 12.0
40.485873999999974 0.0 306.0 0.0 9.710565204449953 0.0 12.0
40.54033499999998 0.0 306.0 0.0 9.756281486806015 0.0 12.0
40.59448399999998 0.0 306.0 0.0 9.722148052553765 0.0 12.0
40.64915099999998 0.0 306.0 0.0 9.676526002315429 0.0 12.0
40.704053999999985 0.0 306.0 0.0 9.724912324834813 0.0 12.0
40.76060599999999 0.0 306.0 0.0 9.692388993666617 0.0 12.0
40.81611599999999 0.0 306.0 0.0 9.661773080551079 0.0 12.0
40.87094099999999 0.0 306.0 0.0 9.61189586156955 0.0 12.0
40.92551499999999 0.0 306.0 0.0 9.587551899699758 0.0 12.0
40.98476099999999 0.0 306.0 0.0 9.46457678545072 0.0 12.0
41.040240999999995 0.0 306.0 0.0 9.817423010331952 0.0 12.0
41.09468999999999 0.0 306.0 0.0 9.664177095348592 0.0 12.0
41.151107999999994 0.0 306.0 0.0 9.672902620419897 0.0 12.0
41.20580399999999 0.0 306.0 0.0 9.643334486557471 0.0 12.0
41.26380499999999 0.0 229.5 0.0 9.685927960835961 0.0 9.0
41.31815799999999 0.0 229.5 0.0 9.120897044526178 0.0 9.0
41.37319799999999 0.0 229.5 0.0 8.168740439916208 0.0 9.0
41.43091399999999 0.0 229.5 0.0 7.810772662320334 0.0 9.0
41.485067999999984 0.0 229.5 0.0 7.954313954489961 0.0 9.0
41.539520999999986 0.0 229.5 0.0 8.048925635148493 0.0 9.0
41.59372099999999 0.0 229.5 0.0 8.127204002864332 0.0 9.0
41.65430399999999 0.0 229.5 0.0 7.986617234198502 0.0 9.0
41.70950799999999 0.0 229.5 0.0 8.735281528772886 0.0 9.0
41.764528999999996 0.0 229.5 0.0 8.460974385974913 0.0 9.0
41.822204 0.0 229.5 0.0 8.417580967221802 0.0 9.0
41.877105 0.0 229.5 0.0 8.376379457379686 0.0 9.0
41.931374 0.0 229.5 0.0 8.513699435911631 0.0 9.0
41.985437 0.0 229.5 0.0 8.427258562056297 0.0 9.0
42.039859 0.0 229.5 0.0 8.35315959467561 0.0 9.0
42.094869 0.0 229.5 0.0 8.420815049136166 0.0 9.0
42.14943 0.0 229.5 0.0 8.443521632340625 0.0 9.0
42.209468 0.0 229.5 0.0 7.717994030328119 0.0 9.0
42.263974000000005 0.0 229.5 0.0 9.120813327213563 0.0 9.0
42.319262 0.0 229.5 0.0 8.380208405914845 0.0 9.0
42.374193000000005 0.0 229.5 0.0 8.343863841870201 0.0 9.0
42.429726 0.0 229.5 0.0 8.457243637117015 0.0 9.0
42.484210000000004 0.0 229.5 0.0 8.407917342057733 0.0 9.0
42.53864000000001 0.0 229.5 0.0 8.489397720633987 0.0 9.0
42.59573300000001 0.0 229.5 0.0 8.41853982757831 0.0 9.0
42.64968700000001 0.0 229.5 0.0 8.431838124842901 0.0 9.0
42.71036600000001 0.0 229.5 0.0 8.214276090110815 0.0 9.0
42.769813000000006 0.0 229.5 0.0 8.605581247928905 0.0 9.0
42.824454 0.0 229.5 0.0 8.390781179656871 0.0 9.0
42.879312000000006 0.0 229.5 0.0 8.367207520333364 0.0 9.0
42.935078000000004 0.0 229.5 0.0 8.466631993046715 0.0 9.0
42.988912000000006 0.0 229.5 0.0 8.373120922314165 0.0 9.0
43.043974000000006 0.0 229.5 0.0 8.381503740777154 0.0 9.0
43.104583000000005 0.0 229.5 0.0 8.21743227736601 0.0 9.0
43.16004100000001 0.0 229.5 0.0 8.590625855122719 0.0 9.0
43.21444400000001 0.0 229.5 0.0 8.438949996207691 0.0 9.0
43.26910500000001 0.0 229.5 0.0 8.43070696697821 0.0 9.0
43.32433600000001 0.0 229.5 0.0 8.381041319669075 0.0 9.0
43.38507800000001 0.0 229.5 0.0 8.440274326131547 0.0 9.0
43.44104800000001 0.0 229.5 0.0 8.463194990460485 0.0 9.0
43.49537600000001 0.0 229.5 0.0 8.400277786525633 0.0 9.0
43.55567200000001 0.0 229.5 0.0 8.425545777427562 0.0 9.0
43.609778000000006 0.0 229.5 0.0 8.357621874292157 0.0 9.0
43.66514000000001 0.0 229.5 0.0 8.438315488526339 0.0 9.0
43.72187600000001 0.0 229.5 0.0 8.36837595685854 0.0 9.0
43.77958000000001 0.0 229.5 0.0 8.355998167679168 0.0 9.0
43.83463800000001 0.0 229.5 0.0 8.43176766377264 0.0 9.0
43.88905800000001 0.0 229.5 0.0 8.43631379352604 0.0 9.0
43.94381900000001 0.0 229.5 0.0 8.41881496883685 0.0 9.0
44.002592000000014 0.0 229.5 0.0 8.404768804318357 0.0 9.0
44.058211000000014 0.0 229.5 0.0 8.428644392399445 0.0 9.0
44.11614100000001 0.0 229.5 0.0 8.43434478361466 0.0 9.0
44.170355000000015 0.0 229.5 0.0 8.461292114043042 0.0 9.0
44.23014900000001 0.0 229.5 0.0 7.763927217312674 0.0 9.0
44.28524100000001 0.0 229.5 0.0 9.116951982164549 0.0 9.0
44.33948500000001 0.0 229.5 0.0 8.516739020737198 0.0 9.0
44.39389100000001 0.0 229.5 0.0 8.439366244353687 0.0 9.0
44.44888700000001 0.0 229.5 0.0 8.770935545389435 0.0 9.0
44.503320000000016 0.0 229.5 0.0 8.674850972220211 0.0 9.0
44.55832800000002 0.0 229.5 0.0 8.733272944714043 0.0 9.0
44.61664900000002 0.0 229.5 0.0 8.20673921945614 0.0 9.0
44.67170400000002 0.0 229.5 0.0 9.21803855204715 0.0 9.0
44.72666400000002 0.0 229.5 0.0 8.703374427550642 0.0 9.0
44.78164100000002 0.0 229.5 0.0 8.721621340870836 0.0 9.0
44.836471000000024 0.0 229.5 0.0 8.678522154184924 0.0 9.0
44.892084000000025 0.0 229.5 0.0 8.752108800040087 0.0 9.0
44.94684100000003 0.0 229.5 0.0 8.684836463543313 0.0 9.0
45.001603000000024 0.0 229.5 0.0 8.70944312454279 0.0 9.0
45.061364000000026 0.0 229.5 0.0 8.684765845144522 0.0 9.0
45.115880000000026 0.0 229.5 0.0 8.656364800996856 0.0 9.0
45.17019000000003 0.0 229.5 0.0 8.683016769744189 0.0 9.0
45.22795900000003 0.0 229.5 0.0 8.13404987334241 0.0 9.0
45.284032000000025 0.0 229.5 0.0 9.238867667848838 0.0 9.0
45.33823100000002 0.0 229.5 0.0 8.663631882632147 0.0 9.0
45.39217500000002 0.0 229.5 0.0 8.682357690221108 0.0 9.0
45.451708000000025 0.0 229.5 0.0 8.679355245560219 0.0 9.0
45.50574900000002 0.0 229.5 0.0 8.698724674221358 0.0 9.0
45.56019800000002 0.0 229.5 0.0 8.75070050726396 0.0 9.0
45.619404000000024 0.0 229.5 0.0 8.659243034791785 0.0 9.0
45.67363100000002 0.0 229.5 0.0 8.700729470520319 0.0 9.0
45.727825000000024 0.0 229.5 0.0 8.655580911919824 0.0 9.0
45.782273000000025 0.0 229.5 0.0 8.601108213243238 0.0 9.0
45.83757600000003 0.0 229.5 0.0 8.56093172853145 0.0 9.0
45.89275300000003 0.0 229.5 0.0 8.636983134517186 0.0 9.0
45.94974800000003 0.0 229.5 0.0 8.541573000962694 0.0 9.0
46.004752000000025 0.0 229.5 0.0 8.542941006710741 0.0 9.0
46.06065400000003 0.0 229.5 0.0 8.526685000652824 0.0 9.0
46.11772800000003 0.0 229.5 0.0 8.341507270334265 0.0 9.0
46.172369000000025 0.0 229.5 0.0 8.76296354393917 0.0 9.0
46.22894400000003 0.0 229.5 0.0 8.54818233612637 0.0 9.0
46.28394400000003 0.0 229.5 0.0 8.504319655186027 0.0 9.0
46.339192000000025 0.0 229.5 0.0 8.480903493841701 0.0 9.0
46.39387200000002 0.0 229.5 0.0 8.54882592457047 0.0 9.0
46.447934000000025 0.0 153.0 0.0 8.47975863251473 0.0 6.0
46.50274900000002 0.0 153.0 0.0 7.805019791072665 0.0 6.0
46.55731600000002 0.0 153.0 0.0 6.044738523349615 0.0 6.0
46.61407800000002 0.0 153.0 0.0 5.120631311710837 0.0 6.0
46.66802100000002 0.0 153.0 0.0 4.755157164453407 0.0 6.0
46.726086000000016 0.0 153.0 0.0 4.4002448074243805 0.0 6.0
46.78102100000002 0.0 153.0 0.0 4.203059419808772 0.0 6.0
46.835656000000014 0.0 153.0 0.0 4.067241174870151 0.0 6.0
46.89077600000002 0.0 153.0 0.0 3.985335078341565 0.0 6.0
46.94547700000002 0.0 153.0 0.0 3.978158532998306 0.0 6.0
47.00310500000002 0.0 153.0 0.0 4.008311857437952 0.0 6.0
47.05725200000002 0.0 153.0 0.0 4.0445488035442665 0.0 6.0
47.11185900000002 0.0 153.0 0.0 3.985006499414733 0.0 6.0
47.176158000000015 0.0 153.0 0.0 3.969896864803468 0.0 6.0
47.23198700000002 0.0 153.0 0.0 3.9639330796406274 0.0 6.0
47.28768400000002 0.0 153.0 0.0 4.070636960182446 0.0 6.0
47.34178300000002 0.0 153.0 0.0 4.010014315622556 0.0 6.0
47.39571800000002 0.0 153.0 0.0 4.007089816785574 0.0 6.0
47.450909000000024 0.0 153.0 0.0 3.9176372191402455 0.0 6.0
47.50540400000003 0.0 153.0 0.0 4.019600831491533 0.0 6.0
47.55938100000003 0.0 153.0 0.0 3.9862001284979915 0.0 6.0
47.61373100000003 0.0 153.0 0.0 3.9509007381114785 0.0 6.0
47.66863700000003 0.0 153.0 0.0 3.9729145380533444 0.0 6.0
47.72691000000003 0.0 153.0 0.0 3.9820532175461616 0.0 6.0
47.78193200000003 0.0 153.0 0.0 3.9183380021721 0.0 6.0
47.83692400000003 0.0 153.0 0.0 4.012927293009903 0.0 6.0
47.89153200000003 0.0 153.0 0.0 3.961218910320991 0.0 6.0
47.945788000000036 0.0 153.0 0.0 3.980730233125753 0.0 6.0
48.00001900000004 0.0 153.0 0.0 3.9613391161807496 0.0 6.0
48.054705000000034 0.0 153.0 0.0 3.9582001242487608 0.0 6.0
48.10953500000004 0.0 153.0 0.0 3.949554231039707 0.0 6.0
48.163683000000034 0.0 153.0 0.0 3.9496955875970374 0.0 6.0
48.22658400000003 0.0 153.0 0.0 3.7607467660024243 0.0 6.0
48.28114800000003 0.0 153.0 0.0 4.120001042931127 0.0 6.0
48.33573700000003 0.0 153.0 0.0 3.991592251062641 0.0 6.0
48.39112600000003 0.0 153.0 0.0 3.912292119875177 0.0 6.0
48.44744200000003 0.0 153.0 0.0 3.7865721015545923 0.0 6.0
48.50127900000003 0.0 153.0 0.0 4.109709988607034 0.0 6.0
48.557463000000034 0.0 153.0 0.0 3.7749800041341985 0.0 6.0
48.61146800000003 0.0 153.0 0.0 4.106694794360773 0.0 6.0
48.66556800000003 0.0 153.0 0.0 3.920396978785135 0.0 6.0
48.72004200000003 0.0 153.0 0.0 3.947190119985259 0.0 6.0
48.77763900000003 0.0 153.0 0.0 3.948846562678214 0.0 6.0
48.83447400000003 0.0 153.0 0.0 4.07352144687694 0.0 6.0
48.889154000000026 0.0 153.0 0.0 4.3717780020582016 0.0 6.0
48.943938000000024 0.0 153.0 0.0 4.580602115840865 0.0 6.0
48.997964000000024 0.0 153.0 0.0 4.731871774385587 0.0 6.0
49.05220200000002 0.0 153.0 0.0 4.8380641295094255 0.0 6.0
49.10694300000002 0.0 153.0 0.0 4.911893471986089 0.0 6.0
49.16264100000002 0.0 153.0 0.0 5.006612730203712 0.0 6.0
49.21655800000002 0.0 153.0 0.0 5.0518997264912375 0.0 6.0
49.27116900000002 0.0 153.0 0.0 5.035126492294435 0.0 6.0
49.32495300000002 0.0 153.0 0.0 5.069742991093006 0.0 6.0
49.37902500000002 0.0 153.0 0.0 5.017016623778945 0.0 6.0
49.43365600000002 0.0 153.0 0.0 5.027137525294312 0.0 6.0
49.48865400000002 0.0 153.0 0.0 5.0380682156070735 0.0 6.0
49.55117800000002 0.0 153.0 0.0 5.041495374330058 0.0 6.0
49.60508400000002 0.0 153.0 0.0 4.987088585748727 0.0 6.0
49.65948700000002 0.0 153.0 0.0 4.967977771482484 0.0 6.0
49.71412500000002 0.0 153.0 0.0 4.986112976314062 0.0 6.0
49.76860900000002 0.0 153.0 0.0 4.9852409075565856 0.0 6.0
49.82275400000002 0.0 153.0 0.0 4.955331084874952 0.0 6.0
49.87713100000002 0.0 153.0 0.0 4.954476272372642 0.0 6.0
49.93665400000002 0.0 153.0 0.0 4.941125754278989 0.0 6.0
49.995789000000016 0.0 153.0 0.0 4.945157937604787 0.0 6.0
50.05446900000002 0.0 153.0 0.0 4.924651685133627 0.0 6.0
50.10862700000002 0.0 153.0 0.0 5.043588934213655 0.0 6.0
50.16344100000002 0.0 153.0 0.0 4.957853018337871 0.0 6.0
50.21778300000002 0.0 153.0 0.0 4.922362562990312 0.0 6.0
50.27256100000002 0.0 153.0 0.0 4.830647917062287 0.0 6.0
50.326867000000014 0.0 153.0 0.0 4.775481060521341 0.0 6.0
50.38156400000001 0.0 153.0 0.0 4.715036968646931 0.0 6.0
50.43579200000001 0.0 153.0 0.0 4.625798108375499 0.0 6.0
50.49047400000001 0.0 153.0 0.0 4.510204713040007 0.0 6.0
50.54556700000001 0.0 153.0 0.0 4.396464077640391 0.0 6.0
50.599491000000015 0.0 153.0 0.0 4.407274812709951 0.0 6.0
50.653278000000014 0.0 153.0 0.0 4.242830561594663 0.0 6.0
50.708007000000016 0.0 153.0 0.0 4.161038845041847 0.0 6.0
50.763069000000016 0.0 153.0 0.0 4.147198015988363 0.0 6.0
50.81918300000002 0.0 153.0 0.0 4.112185541706808 0.0 6.0
50.87419400000002 0.0 153.0 0.0 4.0551355188632305 0.0 6.0
50.93635800000002 0.0 153.0 0.0 3.8848038531971354 0.0 6.0
50.99105500000002 0.0 153.0 0.0 4.171365233374271 0.0 6.0
51.045293000000015 0.0 153.0 0.0 4.046606005599548 0.0 6.0
51.103529000000016 0.0 153.0 0.0 4.018350852693777 0.0 6.0
51.158864000000015 0.0 153.0 0.0 3.9646496799217297 0.0 6.0
51.21355100000002 0.0 153.0 0.0 4.059865573217619 0.0 6.0
51.27014600000002 0.0 153.0 0.0 4.006895132395113 0.0 6.0
51.32458600000002 0.0 153.0 0.0 4.017494573581801 0.0 6.0
51.37840100000002 0.0 153.0 0.0 4.032959044023117 0.0 6.0
51.43225200000002 0.0 153.0 0.0 3.995526997380477 0.0 6.0
51.48693200000002 0.0 153.0 0.0 4.020912993867334 0.0 6.0
51.54123700000002 0.0 153.0 0.0 4.005401407242445 0.0 3.0
51.59539400000001 0.0 76.5 0.0 4.0570864849383605 0.0 3.0
51.650252000000016 0.0 76.5 0.0 3.6013090675290624 0.0 3.0
51.705607000000015 0.0 76.5 0.0 2.498022581601853 0.0 3.0
51.760522000000016 0.0 76.5 0.0 1.8498799297187762 0.0 3.0
51.814883000000016 0.0 76.5 0.0 1.3993434473028592 0.0 3.0
51.86893700000002 0.0 76.5 0.0 1.2227282688040644 0.0 3.0
51.92348100000002 0.0 76.5 0.0 1.209985100995444 0.0 3.0
51.97855400000002 0.0 76.5 0.0 1.2288442790547949 0.0 3.0
52.032660000000014 0.0 76.5 0.0 1.2126884518489256 0.0 3.0
52.08687300000001 0.0 76.5 0.0 1.2147185658206783 0.0 3.0
52.14131300000001 0.0 76.5 0.0 1.2167017557272954 0.0 3.0
52.19602800000001 0.0 76.5 0.0 1.2062035520185599 0.0 3.0
52.25087400000001 0.0 76.5 0.0 1.192828435788557 0.0 3.0
52.30667700000001 0.0 76.5 0.0 1.1964381716862995 0.0 3.0
52.36195000000001 0.0 76.5 0.0 1.207042788486076 0.0 3.0
52.416351000000006 0.0 76.5 0.0 1.187597529396968 0.0 3.0
52.47097000000001 0.0 76.5 0.0 1.1819793469324733 0.0 3.0
52.52614400000001 0.0 76.5 0.0 1.178782803789859 0.0 3.0
52.58327300000001 0.0 76.5 0.0 1.2106461101296215 0.0 3.0
52.637692000000015 0.0 76.5 0.0 1.1836792335442712 0.0 3.0
52.69156700000001 0.0 76.5 0.0 1.2045340635998627 0.0 3.0
52.746341000000015 0.0 76.5 0.0 1.1821371989736649 0.0 3.0
52.801001000000014 0.0 76.5 0.0 1.1846026881921612 0.0 3.0
52.85614200000001 0.0 76.5 0.0 1.18383741044595 0.0 3.0
52.912140000000015 0.0 76.5 0.0 1.1511590316951565 0.0 3.0
52.968243000000015 0.0 76.5 0.0 1.21397804395419 0.0 3.0
53.023417000000016 0.0 76.5 0.0 1.1735669506757445 0.0 3.0
53.078325000000014 0.0 76.5 0.0 1.1731376158345905 0.0 3.0
53.13427400000001 0.0 76.5 0.0 1.1641689558265753 0.0 3.0
53.18894800000001 0.0 76.5 0.0 1.1781585435535298 0.0 3.0
53.24375200000001 0.0 76.5 0.0 1.1639865339060962 0.0 3.0
53.30333500000001 0.0 76.5 0.0 1.1672240001099756 0.0 3.0
53.36021200000001 0.0 76.5 0.0 1.1637266440771186 0.0 3.0
53.41752800000001 0.0 76.5 0.0 1.2000016688644988 0.0 3.0
53.47259000000001 0.0 76.5 0.0 1.1715986833657526 0.0 3.0
53.52746300000001 0.0 76.5 0.0 1.1835007366657972 0.0 3.0
53.58183900000001 0.0 76.5 0.0 1.2022566048006385 0.0 3.0
53.63809500000001 0.0 76.5 0.0 1.2660946606627181 0.0 3.0
53.69231200000001 0.0 76.5 0.0 1.367673963407106 0.0 3.0
53.74883100000001 0.0 76.5 0.0 1.4146522782608633 0.0 3.0
53.80342400000001 0.0 76.5 0.0 1.4540174226657159 0.0 3.0
53.85819600000001 0.0 76.5 0.0 1.4772876113236608 0.0 3.0
53.915921000000004 0.0 76.5 0.0 1.4922822161795744 0.0 3.0
53.970518000000006 0.0 76.5 0.0 1.4995926878732053 0.0 3.0
54.025259000000005 0.0 76.5 0.0 1.495647905223021 0.0 3.0
54.080195 0.0 76.5 0.0 1.5200235249177754 0.0 3.0
54.134550000000004 0.0 76.5 0.0 1.5150932654955442 0.0 3.0
54.189581000000004 0.0 76.5 0.0 1.503454424214858 0.0 3.0
54.243594 0.0 76.5 0.0 1.5104786347748735 0.0 3.0
54.297533 0.0 76.5 0.0 1.4876529337722961 0.0 3.0
54.35231 0.0 76.5 0.0 1.504296651744893 0.0 3.0
54.410791 0.0 76.5 0.0 1.515638921242624 0.0 3.0
54.46670700000001 0.0 76.5 0.0 1.4950986990865276 0.0 3.0
54.521390000000004 0.0 76.5 0.0 1.5007427347858044 0.0 3.0
54.576905000000004 0.0 76.5 0.0 1.4825710384470974 0.0 3.0
54.633372 0.0 76.5 0.0 1.4745638360774336 0.0 3.0
54.691903 0.0 76.5 0.0 1.481566176699565 0.0 3.0
54.746166 0.0 76.5 0.0 1.459324404642402 0.0 3.0
54.801302 0.0 76.5 0.0 1.3883731428654171 0.0 3.0
54.85792 0.0 76.5 0.0 1.3147578288487973 0.0 3.0
54.914806 0.0 76.5 0.0 1.2976028644605917 0.0 3.0
54.969747 0.0 76.5 0.0 1.2719544661526094 0.0 3.0
55.024854 0.0 76.5 0.0 1.2533267122571679 0.0 3.0
55.079161 0.0 76.5 0.0 1.2611913044896506 0.0 3.0
55.133449999999996 0.0 76.5 0.0 1.2474737834000331 0.0 3.0
55.188095 0.0 76.5 0.0 1.2428576670049074 0.0 3.0
55.243258999999995 0.0 76.5 0.0 1.238120208586047 0.0 3.0
55.297332999999995 0.0 76.5 0.0 1.2488858090861714 0.0 3.0
55.351510999999995 0.0 76.5 0.0 1.2349796787343508 0.0 3.0
55.405789999999996 0.0 76.5 0.0 1.2379835390148637 0.0 3.0
55.460381 0.0 76.5 0.0 1.2414512918544098 0.0 3.0
55.515014 0.0 76.5 0.0 1.248398160328031 0.0 3.0
55.569146 0.0 76.5 0.0 1.2289407940130075 0.0 3.0
55.623937000000005 0.0 76.5 0.0 1.2272904630469874 0.0 3.0
55.678878000000005 0.0 76.5 0.0 1.2239397127975007 0.0 3.0
55.735328 0.0 76.5 0.0 1.1801762542914347 0.0 3.0
55.791908 0.0 76.5 0.0 1.2045912592184804 0.0 3.0
55.848399 0.0 76.5 0.0 1.2209227777719704 0.0 3.0
55.903704 0.0 76.5 0.0 1.2245566264714653 0.0 3.0
55.958380999999996 0.0 76.5 0.0 1.1965153243458713 0.0 3.0
56.01535 0.0 76.5 0.0 1.1652149997657153 0.0 3.0
56.069669999999995 0.0 76.5 0.0 1.252059714777661 0.0 3.0
56.126439999999995 0.0 76.5 0.0 1.2149224703032655 0.0 3.0
56.182019999999994 0.0 76.5 0.0 1.2236754895056234 0.0 3.0
56.246241999999995 0.0 76.5 0.0 1.2457210202367635 0.0 3.0
56.30188 0.0 76.5 0.0 1.2491236987658252 0.0 3.0
56.356821999999994 0.0 76.5 0.0 1.2221714766038385 0.0 3.0
56.41137799999999 0.0 76.5 0.0 1.2149938930349302 0.0 3.0
56.46535999999999 0.0 76.5 0.0 1.202146505806428 0.0 3.0
56.51944799999999 0.0 76.5 0.0 1.1891494179301565 0.0 3.0
56.57707699999999 0.0 76.5 0.0 1.166851268646124 0.0 3.0
56.631638999999986 0.0 76.5 0.0 1.1876094384957154 0.0 3.0
56.68561899999999 0.0 76.5 0.0 1.1844202990746344 0.0 3.0
56.74111399999999 0.0 0.0 0.0 1.1875214137391858 0.0 0.0
56.79577099999999 0.0 0.0 0.0 0.6221699298051718 0.0 0.0
56.85185199999999 0.0 0.0 0.0 -0.03677572804776545 0.0 0.0
56.90653899999999 0.0 0.0 0.0 0.0 0.0 0.0
56.96796599999999 0.0 0.0 0.0 0.0 0.0 0.0
57.02329199999999 0.0 0.0 0.0 0.0 0.0 0.0
57.07793499999999 0.0 0.0 0.0 8.777564668794082E-4 0.0 0.0
57.13225899999999 0.0 0.0 0.0 0.0 0.0 0.0
57.18639599999999 0.0 0.0 0.0 0.0 0.0 0.0
57.242758999999985 0.0 0.0 0.0 0.0 0.0 0.0
57.297139999999985 0.0 0.0 0.0 0.0 0.0 0.0
57.35151099999999 0.0 0.0 0.0 0.0 0.0 0.0
57.40791699999999 0.0 0.0 0.0 0.0 0.0 0.0
57.46244299999999 0.0 0.0 0.0 0.0 0.0 0.0
57.51610999999999 0.0 0.0 0.0 8.93719541239337E-4 0.0 0.0
57.57031799999999 0.0 0.0 0.0 0.0035392006065297745 0.0 0.0
57.624432999999996 0.0 0.0 0.0 8.863207358346391E-4 0.0 0.0
57.678839999999994 0.0 0.0 0.0 0.0 0.0 0.0
57.73332899999999 0.0 0.0 0.0 0.0 0.0 0.0
57.78721499999999 0.0 0.0 0.0 0.0 0.0 0.0
57.841230999999986 0.0 0.0 0.0 0.0 0.0 0.0
57.89495499999999 0.0 0.0 0.0 0.0 0.0 0.0
57.94870999999999 0.0 0.0 0.0 0.0 0.0 0.0
58.00276399999999 0.0 0.0 0.0 0.0 0.0 0.0
58.05714199999999 0.0 0.0 0.0 0.0 0.0 0.0
58.11261799999999 0.0 0.0 0.0 0.0 0.0 0.0
58.16714599999999 0.0 0.0 0.0 0.0 0.0 0.0
58.22209199999999 0.0 0.0 0.0 0.0 0.0 0.0
58.27698699999999 0.0 0.0 0.0 0.0 0.0 0.0
58.33126199999999 0.0 0.0 0.0 0.0 0.0 0.0
58.386144999999985 0.0 0.0 0.0 0.0 0.0 0.0
58.43976799999999 0.0 0.0 0.0 0.0 0.0 0.0
58.495744999999985 0.0 0.0 0.0 0.0 0.0 0.0
58.549863999999985 0.0 0.0 0.0 0.0 0.0 0.0
58.605164999999985 0.0 0.0 0.0 0.0 0.0 0.0
58.65914499999999 0.0 0.0 0.0 0.0 0.0 0.0
58.71611699999999 0.0 0.0 0.0 0.0 0.0 0.0
58.77129399999999 0.0 0.0 0.0 0.0 0.0 0.0
58.82593199999999 0.0 0.0 0.0 0.0 0.0 0.0
58.88097399999999 0.0 0.0 0.0 0.0 0.0 0.0
58.93551699999999 0.0 0.0 0.0 0.0 0.0 0.0
58.98975899999999 0.0 0.0 0.0 0.0 0.0 0.0
59.04364699999999 0.0 0.0 0.0 0.0 0.0 0.0
59.097905999999995 0.0 0.0 0.0 0.0 0.0 0.0
59.151965999999994 0.0 0.0 0.0 0.0 0.0 0.0
59.20598499999999 0.0 0.0 0.0 0.0 0.0 0.0
59.25963899999999 0.0 0.0 0.0 0.0 0.0 0.0
59.31356799999999 0.0 0.0 0.0 0.0 0.0 0.0
59.36794099999999 0.0 0.0 0.0 0.0 0.0 0.0
59.42230999999999 0.0 0.0 0.0 0.0 0.0 0.0
59.476128999999986 0.0 0.0 0.0 -8.911954257732679E-4 0.0 0.0
59.530152999999984 0.0 0.0 0.0 0.0 0.0 0.0
59.583961999999985 0.0 0.0 0.0 0.0 0.0 0.0
59.63850199999999 0.0 0.0 0.0 0.0 0.0 0.0
59.69197399999999 0.0 0.0 0.0 0.0 0.0 0.0
59.74616799999999 0.0 0.0 0.0 0.0 0.0 0.0
59.79998299999999 0.0 0.0 0.0 0.0 0.0 0.0
59.85361499999999 0.0 0.0 0.0 0.0 0.0 0.0
59.90753799999999 0.0 0.0 0.0 0.0 0.0 0.0
59.96112999999999 0.0 0.0 0.0 0.0 0.0 0.0
60.01528899999999 0.0 0.0 0.0 0.0 0.0 0.0
60.06930299999999 0.0 0.0 0.0 0.0 0.0 0.0
60.12670299999999 0.0 0.0 0.0 0.0 0.0 0.0
60.18093299999999 0.0 0.0 0.0 0.0 0.0 0.0
60.23450899999999 0.0 0.0 0.0 0.0 0.0 0.0
60.287995999999985 0.0 0.0 0.0 0.0 0.0 0.0
60.343744999999984 0.0 0.0 0.0 0.0 0.0 0.0
60.398085999999985 0.0 0.0 0.0 0.0 0.0 0.0
60.45205399999998 0.0 0.0 0.0 0.0 0.0 0.0
60.506438999999986 0.0 0.0 0.0 0.0 0.0 0.0
60.56003699999999 0.0 0.0 0.0 0.0 0.0 0.0
60.61541399999999 0.0 0.0 0.0 0.0 0.0 0.0
60.66978599999999 0.0 0.0 0.0 0.0 0.0 0.0
60.72674499999999 0.0 0.0 0.0 0.0 0.0 0.0
60.781407999999985 0.0 0.0 0.0 0.0 0.0 0.0
60.83491499999999 0.0 0.0 0.0 0.0 0.0 0.0
60.88876599999999 0.0 0.0 0.0 0.0 0.0 0.0
60.94297199999999 0.0 0.0 0.0 0.0 0.0 0.0
60.99941099999999 0.0 0.0 0.0 0.0 0.0 0.0
61.05621499999999 0.0 0.0 0.0 0.0 0.0 0.0
61.110106999999985 0.0 0.0 0.0 0.0 0.0 0.0
61.16661399999999 0.0 0.0 0.0 0.0 0.0 0.0
61.22072799999999 0.0 0.0 0.0 0.0 0.0 0.0
61.27672599999999 0.0 0.0 0.0 0.0 0.0 0.0
61.33171899999999 0.0 0.0 0.0 0.0 0.0 0.0
61.386278999999995 0.0 0.0 0.0 0.0 0.0 0.0
61.44105 0.0 0.0 0.0 0.0 0.0 0.0
61.494817999999995 0.0 0.0 0.0 0.0 0.0 0.0
61.549049999999994 0.0 0.0 0.0 0.0 0.0 0.0
61.603747999999996 0.0 0.0 0.0 0.0 0.0 0.0
61.658632999999995 0.0 0.0 0.0 0.0 0.0 0.0
61.712033999999996 0.0 0.0 0.0 0.0 0.0 0.0
61.765769 0.0 0.0 0.0 0.0 0.0 0.0
61.820034 0.0 0.0 0.0 0.0 0.0 0.0
61.874658 0.0 -76.5 0.0 0.0 0.0 -3.0
61.928939 0.0 -76.5 0.0 -0.3808360069469434 0.0 -3.0
61.983122 0.0 -76.5 0.0 -1.1729011271264278 0.0 -3.0
62.040464 0.0 -76.5 0.0 -1.1099582899851876 0.0 -3.0
62.095923 0.0 -76.5 0.0 -1.1675360705491178 0.0 -3.0
62.150805 0.0 -76.5 0.0 -1.0880478488669494 0.0 -3.0
62.206191 0.0 -76.5 0.0 -1.1223119131029535 0.0 -3.0
62.262592 0.0 -76.5 0.0 -1.141232903027003 0.0 -3.0
62.316103 0.0 -76.5 0.0 -1.132954789245016 0.0 -3.0
62.370456999999995 0.0 -76.5 0.0 -1.152445083808314 0.0 -3.0
62.425200999999994 0.0 -76.5 0.0 -1.1538724937551823 0.0 -3.0
62.480188999999996 0.0 -76.5 0.0 -1.1260738958685845 0.0 -3.0
62.534834999999994 0.0 -76.5 0.0 -1.1304882634806328 0.0 -3.0
62.589251999999995 0.0 -76.5 0.0 -1.1308386241995 0.0 -3.0
62.644771999999996 0.0 -76.5 0.0 -1.0988697712580617 0.0 -3.0
62.699667999999996 0.0 -76.5 0.0 -1.1069920115700438 0.0 -3.0
62.755193 0.0 -76.5 0.0 -1.1376424277016426 0.0 -3.0
62.80999 0.0 -76.5 0.0 -1.1378765371388755 0.0 -3.0
62.865007999999996 0.0 -76.5 0.0 -1.1402800279646021 0.0 -3.0
62.92518999999999 0.0 -76.5 0.0 -1.0535942978171573 0.0 -3.0
62.97997599999999 0.0 -76.5 0.0 -1.2825567900165744 0.0 -3.0
63.034158999999995 0.0 -76.5 0.0 -1.1879496698895593 0.0 -3.0
63.088609 0.0 -76.5 0.0 -1.1794818590223495 0.0 -3.0
63.154581 0.0 -76.5 0.0 -1.18359554806369 0.0 -3.0
63.209578 0.0 -76.5 0.0 -1.1834486547070089 0.0 -3.0
63.266028 0.0 -76.5 0.0 -1.1691306881965544 0.0 -3.0
63.325058999999996 0.0 -76.5 0.0 -1.1432008265810498 0.0 -3.0
63.383289 0.0 -76.5 0.0 -1.139157995449654 0.0 -3.0
63.438655 0.0 -76.5 0.0 -1.2214748714692234 0.0 -3.0
63.495495 0.0 -76.5 0.0 -1.2108947730340835 0.0 -3.0
63.551094 0.0 -76.5 0.0 -1.2569012091025111 0.0 -3.0
63.607870999999996 0.0 -76.5 0.0 -1.3305055467181095 0.0 -3.0
63.662510999999995 0.0 -76.5 0.0 -1.3904425813614811 0.0 -3.0
63.715973 0.0 -76.5 0.0 -1.3179082204991734 0.0 -3.0
63.769664999999996 0.0 -76.5 0.0 -1.2229323665044638 0.0 -3.0
63.823930999999995 0.0 -76.5 0.0 -1.2250222941601079 0.0 -3.0
63.88271999999999 0.0 -76.5 0.0 -1.205832358160609 0.0 -3.0
63.93688999999999 0.0 -76.5 0.0 -1.1935472852749518 0.0 -3.0
63.991280999999994 0.0 -76.5 0.0 -1.228379741891678 0.0 -3.0
64.048537 0.0 -76.5 0.0 -1.2071230679575145 0.0 -3.0
64.103388 0.0 -76.5 0.0 -1.20758497715254 0.0 -3.0
64.157584 0.0 -76.5 0.0 -1.2142145981662251 0.0 -3.0
64.2123 0.0 -76.5 0.0 -1.2079346780088984 0.0 -3.0
64.267891 0.0 -76.5 0.0 -1.1915102009640761 0.0 -3.0
64.321724 0.0 -76.5 0.0 -1.2286388848578862 0.0 -3.0
64.376789 0.0 -76.5 0.0 -1.2098601571733676 0.0 -3.0
64.4317 0.0 -76.5 0.0 -1.1870490822633124 0.0 -3.0
64.486607 0.0 -76.5 0.0 -1.1749060539363847 0.0 -3.0
64.541042 0.0 -76.5 0.0 -1.1850935373102796 0.0 -3.0
64.595011 0.0 -76.5 0.0 -1.1953263299947203 0.0 -3.0
64.649749 0.0 -76.5 0.0 -1.1794097327287216 0.0 -3.0
64.705135 0.0 -76.5 0.0 -1.2063121103027887 0.0 -3.0
64.761929 0.0 -76.5 0.0 -1.2262322444587819 0.0 -3.0
64.81613899999999 0.0 -76.5 0.0 -1.2422135815171897 0.0 -3.0
64.87131299999999 0.0 -76.5 0.0 -1.2465888942733463 0.0 -3.0
64.92828899999999 0.0 -76.5 0.0 -1.2332588510574285 0.0 -3.0
64.982903 0.0 -76.5 0.0 -1.2936218235398538 0.0 -3.0
65.037016 0.0 -76.5 0.0 -1.258621961450334 0.0 -3.0
65.093274 0.0 -76.5 0.0 -1.2813957067331994 0.0 -3.0
65.14754599999999 0.0 -76.5 0.0 -1.2814472950794642 0.0 -3.0
65.20257 0.0 -76.5 0.0 -1.3197214921164024 0.0 -3.0
65.2567 0.0 -76.5 0.0 -1.3743025218389342 0.0 -3.0
65.31123799999999 0.0 -76.5 0.0 -1.4203059021379911 0.0 -3.0
65.36778299999999 0.0 -76.5 0.0 -1.4470828319602742 0.0 -3.0
65.42304599999999 0.0 -76.5 0.0 -1.461558498589662 0.0 -3.0
65.48156899999998 0.0 -76.5 0.0 -1.4604600836643757 0.0 -3.0
65.53612699999998 0.0 -76.5 0.0 -1.4901151622196027 0.0 -3.0
65.59072999999998 0.0 -76.5 0.0 -1.4019255646214976 0.0 -3.0
65.64781599999998 0.0 -76.5 0.0 -1.2989380806860362 0.0 -3.0
65.70328399999998 0.0 -76.5 0.0 -1.393898347712964 0.0 -3.0
65.75859599999998 0.0 -76.5 0.0 -1.2642900920507343 0.0 -3.0
65.81669299999999 0.0 -76.5 0.0 -1.1161731144434808 0.0 -3.0
65.87750799999999 0.0 -76.5 0.0 -1.1341140942056462 0.0 -3.0
65.93265699999999 0.0 -76.5 0.0 -1.2210629069257262 0.0 -3.0
65.988661 0.0 -76.5 0.0 -1.1184915378422453 0.0 -3.0
66.042829 0.0 -76.5 0.0 -1.164371387256209 0.0 -3.0
66.096987 0.0 -76.5 0.0 -1.1397891059408205 0.0 -3.0
66.154347 0.0 -76.5 0.0 -1.1129546940517676 0.0 -3.0
66.209593 0.0 -76.5 0.0 -1.1077924679927298 0.0 -3.0
66.264256 0.0 -76.5 0.0 -1.1055684968042605 0.0 -3.0
66.31877200000001 0.0 -76.5 0.0 -1.0962323957762052 0.0 -3.0
66.37357000000002 0.0 -76.5 0.0 -1.096717909676876 0.0 -3.0
66.43014300000002 0.0 -76.5 0.0 -1.0936769861842581 0.0 -3.0
66.48523700000001 0.0 -76.5 0.0 -1.07428479196826 0.0 -3.0
66.54136500000001 0.0 -76.5 0.0 -1.086111859564351 0.0 -3.0
66.595847 0.0 -76.5 0.0 -1.0845916052175018 0.0 -3.0
66.649901 0.0 -76.5 0.0 -1.0709963863907876 0.0 -3.0
66.704984 0.0 -76.5 0.0 -1.094526460086637 0.0 -3.0
66.759174 0.0 -76.5 0.0 -1.0904358707410948 0.0 -3.0
66.813517 0.0 -76.5 0.0 -1.0935440178458635 0.0 -3.0
66.86762800000001 0.0 -76.5 0.0 -1.0902550930905093 0.0 -3.0
66.922013 0.0 -76.5 0.0 -1.0874079816508158 0.0 -3.0
66.97695200000001 0.0 -153.0 0.0 -1.1131098025101778 0.0 -6.0
67.03194900000001 0.0 -153.0 0.0 -2.118346928727579 0.0 -6.0
67.08711000000001 0.0 -153.0 0.0 -3.618046612362653 0.0 -6.0
67.14381000000002 0.0 -153.0 0.0 -4.305695331467897 0.0 -6.0
67.19847300000002 0.0 -153.0 0.0 -4.4213965519021174 0.0 -6.0
67.25312200000002 0.0 -153.0 0.0 -4.3654813205428376 0.0 -6.0
67.30802300000002 0.0 -153.0 0.0 -4.362916041943487 0.0 -6.0
67.36244100000002 0.0 -153.0 0.0 -4.369910263891184 0.0 -6.0
67.41782800000001 0.0 -153.0 0.0 -4.383518774963049 0.0 -6.0
67.47207600000002 0.0 -153.0 0.0 -4.380952053542461 0.0 -6.0
67.52655700000001 0.0 -153.0 0.0 -4.501313851920535 0.0 -6.0
67.58181700000002 0.0 -153.0 0.0 -4.823231296880667 0.0 -6.0
67.63689800000002 0.0 -153.0 0.0 -5.104492505303672 0.0 -6.0
67.69265700000001 0.0 -153.0 0.0 -5.274675447406666 0.0 -6.0
67.74744700000001 0.0 -153.0 0.0 -5.415233502270699 0.0 -6.0
67.80232900000001 0.0 -153.0 0.0 -5.399164345622501 0.0 -6.0
67.85786400000002 0.0 -153.0 0.0 -5.216494275374749 0.0 -6.0
67.91219600000002 0.0 -153.0 0.0 -5.000953252237215 0.0 -6.0
67.96637300000002 0.0 -153.0 0.0 -4.84528210771308 0.0 -6.0
68.02581400000003 0.0 -153.0 0.0 -4.843044467814949 0.0 -6.0
68.08153900000002 0.0 -153.0 0.0 -4.723594391186486 0.0 -6.0
68.13596300000002 0.0 -153.0 0.0 -4.841799149797609 0.0 -6.0
68.19420200000002 0.0 -153.0 0.0 -4.612753383761604 0.0 -6.0
68.24954500000001 0.0 -153.0 0.0 -4.5326017711541935 0.0 -6.0
68.30490300000001 0.0 -153.0 0.0 -4.460327208319879 0.0 -6.0
68.35984400000001 0.0 -153.0 0.0 -4.423468277278842 0.0 -6.0
68.41839200000001 0.0 -153.0 0.0 -4.289396039159402 0.0 -6.0
68.47896200000001 0.0 -153.0 0.0 -4.496999794505994 0.0 -6.0
68.535858 0.0 -153.0 0.0 -4.3785345708429 0.0 -6.0
68.593468 0.0 -153.0 0.0 -4.315110349416091 0.0 -6.0
68.65194 0.0 -153.0 0.0 -4.378639527567266 0.0 -6.0
68.70594899999999 0.0 -153.0 0.0 -4.371920663384644 0.0 -6.0
68.76399699999999 0.0 -153.0 0.0 -4.389965705802456 0.0 -6.0
68.81819999999999 0.0 -153.0 0.0 -4.358927602689894 0.0 -6.0
68.87290899999999 0.0 -153.0 0.0 -4.371214016812258 0.0 -6.0
68.927651 0.0 -153.0 0.0 -4.334408334142228 0.0 -6.0
68.988863 0.0 -153.0 0.0 -4.10428487541567 0.0 -6.0
69.042772 0.0 -153.0 0.0 -4.589111763608465 0.0 -6.0
69.096942 0.0 -153.0 0.0 -4.333249565382503 0.0 -6.0
69.151932 0.0 -153.0 0.0 -4.34364372005935 0.0 -6.0
69.20800700000001 0.0 -153.0 0.0 -4.2390699999499075 0.0 -6.0
69.26261500000001 0.0 -153.0 0.0 -4.47327891580151 0.0 -6.0
69.31669500000001 0.0 -153.0 0.0 -4.343121647496843 0.0 -6.0
69.37099400000001 0.0 -153.0 0.0 -4.337087992461837 0.0 -6.0
69.42558900000002 0.0 -153.0 0.0 -4.3741918659116035 0.0 -6.0
69.47898000000002 0.0 -153.0 0.0 -4.360540148938632 0.0 -6.0
69.53276500000003 0.0 -153.0 0.0 -4.306303205847175 0.0 -6.0
69.58797200000002 0.0 -153.0 0.0 -4.221446833283479 0.0 -6.0
69.64518200000002 0.0 -153.0 0.0 -4.398098090664248 0.0 -6.0
69.69941000000001 0.0 -153.0 0.0 -4.283506737832226 0.0 -6.0
69.75404800000001 0.0 -153.0 0.0 -4.291744074154833 0.0 -6.0
69.80883100000001 0.0 -153.0 0.0 -4.291766331338695 0.0 -6.0
69.864022 0.0 -153.0 0.0 -4.367800502084933 0.0 -6.0
69.92302500000001 0.0 -153.0 0.0 -4.300214813114046 0.0 -6.0
69.978261 0.0 -153.0 0.0 -4.366847115113849 0.0 -6.0
70.034013 0.0 -153.0 0.0 -4.337614604973536 0.0 -6.0
70.08877 0.0 -153.0 0.0 -4.341104338206824 0.0 -6.0
70.143588 0.0 -153.0 0.0 -4.323149358748873 0.0 -6.0
70.19875499999999 0.0 -153.0 0.0 -4.347965202840053 0.0 -6.0
70.25388399999999 0.0 -153.0 0.0 -4.334431871778974 0.0 -6.0
70.30766799999998 0.0 -153.0 0.0 -4.466902839469633 0.0 -6.0
70.36230799999998 0.0 -153.0 0.0 -4.6988883447146526 0.0 -6.0
70.41680899999999 0.0 -153.0 0.0 -5.0532093372647955 0.0 -6.0
70.47372099999998 0.0 -153.0 0.0 -5.225964511679558 0.0 -6.0
70.53127499999998 0.0 -153.0 0.0 -5.172670392473593 0.0 -6.0
70.58546499999999 0.0 -153.0 0.0 -5.78497471685373 0.0 -6.0
70.63941099999998 0.0 -153.0 0.0 -5.542632992754918 0.0 -6.0
70.69346799999998 0.0 -153.0 0.0 -5.362670192008721 0.0 -6.0
70.74805599999998 0.0 -153.0 0.0 -4.998587785216988 0.0 -6.0
70.80382099999997 0.0 -153.0 0.0 -4.674621095275231 0.0 -6.0
70.86243799999997 0.0 -153.0 0.0 -4.5052738265012096 0.0 -6.0
70.91719099999997 0.0 -153.0 0.0 -4.4482926293498695 0.0 -6.0
70.97526099999997 0.0 -153.0 0.0 -4.397388066182841 0.0 -6.0
71.03005999999998 0.0 -153.0 0.0 -4.420926635085709 0.0 -6.0
71.08590899999997 0.0 -153.0 0.0 -4.416819949597547 0.0 -6.0
71.14267799999998 0.0 -153.0 0.0 -4.361293647075825 0.0 -6.0
71.19759399999998 0.0 -153.0 0.0 -4.390546302665693 0.0 -6.0
71.25373199999999 0.0 -153.0 0.0 -4.400062704254003 0.0 -6.0
71.30761599999998 0.0 -153.0 0.0 -4.3704910716109655 0.0 -6.0
71.36182399999998 0.0 -153.0 0.0 -4.368258348609374 0.0 -6.0
71.41566399999998 0.0 -153.0 0.0 -4.380298730108156 0.0 -6.0
71.46999299999997 0.0 -153.0 0.0 -4.343521385795472 0.0 -6.0
71.52504699999997 0.0 -153.0 0.0 -4.3490486999218945 0.0 -6.0
71.57987699999997 0.0 -153.0 0.0 -4.357193715350782 0.0 -6.0
71.63469699999997 0.0 -153.0 0.0 -4.36673775773222 0.0 -6.0
71.68885399999998 0.0 -153.0 0.0 -4.333404097534031 0.0 -6.0
71.74307499999998 0.0 -153.0 0.0 -4.3380196127509105 0.0 -6.0
71.79731599999998 0.0 -153.0 0.0 -4.3523367906587564 0.0 -6.0
71.85105399999998 0.0 -153.0 0.0 -4.35380395643409 0.0 -6.0
71.90499799999998 0.0 -153.0 0.0 -4.336288628285545 0.0 -6.0
71.95935099999998 0.0 -153.0 0.0 -4.340721029607611 0.0 -6.0
72.01788899999998 0.0 -153.0 0.0 -4.4056574716266566 0.0 -6.0
72.07161399999998 0.0 -153.0 0.0 -4.618220097974205 0.0 -6.0
72.12574999999998 0.0 -229.5 0.0 -4.883504791039965 0.0 -9.0
72.18267699999998 0.0 -229.5 0.0 -5.584351864586493 0.0 -9.0
72.23841199999998 0.0 -229.5 0.0 -6.657283140754166 0.0 -9.0
72.29289299999998 0.0 -229.5 0.0 -7.366906769581661 0.0 -9.0
72.34704099999998 0.0 -229.5 0.0 -8.082747754389542 0.0 -9.0
72.40246699999997 0.0 -229.5 0.0 -8.54193352186654 0.0 -9.0
72.45695999999997 0.0 -229.5 0.0 -8.705787391323081 0.0 -9.0
72.51225899999997 0.0 -229.5 0.0 -8.50083690698921 0.0 -9.0
72.56665099999998 0.0 -229.5 0.0 -8.882441962056046 0.0 -9.0
72.62461199999998 0.0 -229.5 0.0 -8.709531765708892 0.0 -9.0
72.68069499999999 0.0 -229.5 0.0 -8.709550194799462 0.0 -9.0
72.73590499999999 0.0 -229.5 0.0 -8.637033108005305 0.0 -9.0
72.79115699999998 0.0 -229.5 0.0 -8.713803474416551 0.0 -9.0
72.84609799999998 0.0 -229.5 0.0 -8.659242518714985 0.0 -9.0
72.90497999999998 0.0 -229.5 0.0 -8.057682068577636 0.0 -9.0
72.95962199999998 0.0 -229.5 0.0 -9.41411039120441 0.0 -9.0
73.01376999999998 0.0 -229.5 0.0 -8.725824452437411 0.0 -9.0
73.06798899999998 0.0 -229.5 0.0 -8.679897744930983 0.0 -9.0
73.12762699999999 0.0 -229.5 0.0 -8.658444500278325 0.0 -9.0
73.18223699999999 0.0 -229.5 0.0 -8.725780171518679 0.0 -9.0
73.23732399999999 0.0 -229.5 0.0 -8.70855905549684 0.0 -9.0
73.29329499999999 0.0 -229.5 0.0 -8.714981296068725 0.0 -9.0
73.34785299999999 0.0 -229.5 0.0 -8.662008668642919 0.0 -9.0
73.40466799999999 0.0 -229.5 0.0 -8.714680891579256 0.0 -9.0
73.46166599999998 0.0 -229.5 0.0 -8.708579937316877 0.0 -9.0
73.51643199999998 0.0 -229.5 0.0 -8.71493749977267 0.0 -9.0
73.57225599999998 0.0 -229.5 0.0 -8.578980680309895 0.0 -9.0
73.62677999999998 0.0 -229.5 0.0 -8.730746509801888 0.0 -9.0
73.68119699999998 0.0 -229.5 0.0 -8.628924497983714 0.0 -9.0
73.74457099999998 0.0 -229.5 0.0 -8.568054959155607 0.0 -9.0
73.80019599999999 0.0 -229.5 0.0 -8.426872974638114 0.0 -9.0
73.85781899999999 0.0 -229.5 0.0 -8.079746541092018 0.0 -9.0
73.91225999999999 0.0 -229.5 0.0 -9.042720804256232 0.0 -9.0
73.96672 0.0 -229.5 0.0 -8.458300046557422 0.0 -9.0
74.020876 0.0 -229.5 0.0 -8.465925741148368 0.0 -9.0
74.074852 0.0 -229.5 0.0 -8.376862418182743 0.0 -9.0
74.129435 0.0 -229.5 0.0 -8.462965175865175 0.0 -9.0
74.191106 0.0 -229.5 0.0 -8.396348535068174 0.0 -9.0
74.24541500000001 0.0 -229.5 0.0 -8.468570068243233 0.0 -9.0
74.30116500000001 0.0 -229.5 0.0 -8.260862673404086 0.0 -9.0
74.358123 0.0 -229.5 0.0 -8.632171794979767 0.0 -9.0
74.412811 0.0 -229.5 0.0 -8.41075802886998 0.0 -9.0
74.468557 0.0 -229.5 0.0 -8.432672839658387 0.0 -9.0
74.524493 0.0 -229.5 0.0 -8.39888445079874 0.0 -9.0
74.57804700000001 0.0 -229.5 0.0 -8.528849340092657 0.0 -9.0
74.63160900000001 0.0 -229.5 0.0 -8.373554369529428 0.0 -9.0
74.68620400000002 0.0 -229.5 0.0 -8.391701286038892 0.0 -9.0
74.74131400000002 0.0 -229.5 0.0 -8.429903951339718 0.0 -9.0
74.79577700000002 0.0 -229.5 0.0 -8.407636661186398 0.0 -9.0
74.85034200000001 0.0 -229.5 0.0 -8.398073090892193 0.0 -9.0
74.90529300000001 0.0 -229.5 0.0 -8.346936860550487 0.0 -9.0
74.95969400000001 0.0 -229.5 0.0 -8.307011077934842 0.0 -9.0
75.014311 0.0 -229.5 0.0 -8.324214341835981 0.0 -9.0
75.074526 0.0 -229.5 0.0 -8.377139661202284 0.0 -9.0
75.12845200000001 0.0 -229.5 0.0 -8.350831185555826 0.0 -9.0
75.18263300000001 0.0 -229.5 0.0 -8.451396531592158 0.0 -9.0
75.23721400000001 0.0 -229.5 0.0 -8.407913809882713 0.0 -9.0
75.29211300000001 0.0 -229.5 0.0 -8.392410554450109 0.0 -9.0
75.34637000000002 0.0 -229.5 0.0 -8.347622202291813 0.0 -9.0
75.40096700000002 0.0 -229.5 0.0 -8.387001400776503 0.0 -9.0
75.45513400000003 0.0 -229.5 0.0 -8.427902252777958 0.0 -9.0
75.51326800000002 0.0 -229.5 0.0 -8.397322119503562 0.0 -9.0
75.57144300000003 0.0 -229.5 0.0 -8.425206999684185 0.0 -9.0
75.62888600000004 0.0 -229.5 0.0 -8.161842795597103 0.0 -9.0
75.68304100000003 0.0 -229.5 0.0 -8.634358624233633 0.0 -9.0
75.73761100000003 0.0 -229.5 0.0 -8.357751733675032 0.0 -9.0
75.79184600000004 0.0 -229.5 0.0 -8.457131509617586 0.0 -9.0
75.84665800000003 0.0 -229.5 0.0 -8.255222736082786 0.0 -9.0
75.90427800000003 0.0 -229.5 0.0 -8.557968387661374 0.0 -9.0
75.95892900000004 0.0 -229.5 0.0 -8.398899748411697 0.0 -9.0
76.01448200000004 0.0 -229.5 0.0 -8.417937006858175 0.0 -9.0
76.07107500000005 0.0 -229.5 0.0 -8.40223396864668 0.0 -9.0
76.12712100000005 0.0 -229.5 0.0 -8.401227421502185 0.0 -9.0
76.18525800000005 0.0 -229.5 0.0 -8.393588783541313 0.0 -9.0
76.23936000000005 0.0 -229.5 0.0 -8.440687424976579 0.0 -9.0
76.29413200000005 0.0 -229.5 0.0 -8.308538741101895 0.0 -9.0
76.34832800000005 0.0 -229.5 0.0 -8.463217348588637 0.0 -9.0
76.40634600000006 0.0 -229.5 0.0 -8.35706953149818 0.0 -9.0
76.46099600000005 0.0 -229.5 0.0 -8.385011129085683 0.0 -9.0
76.51566200000005 0.0 -229.5 0.0 -8.341319752925166 0.0 -9.0
76.56952300000005 0.0 -229.5 0.0 -8.333303538127273 0.0 -9.0
76.62610300000004 0.0 -229.5 0.0 -8.347368141818704 0.0 -9.0
76.68242200000005 0.0 -229.5 0.0 -8.518055943645207 0.0 -9.0
76.73683700000005 0.0 -229.5 0.0 -8.65304037610055 0.0 -9.0
76.79132700000005 0.0 -229.5 0.0 -8.728272223910093 0.0 -9.0
76.84571600000005 0.0 -229.5 0.0 -8.673932114054047 0.0 -9.0
76.89968500000005 0.0 -229.5 0.0 -8.77698352046681 0.0 -9.0
76.95338300000004 0.0 -229.5 0.0 -8.714987471941784 0.0 -9.0
77.00743800000005 0.0 -229.5 0.0 -8.724865489065332 0.0 -9.0
77.06448500000005 0.0 -229.5 0.0 -8.299213059108714 0.0 -9.0
77.11869900000005 0.0 -229.5 0.0 -9.137204616670488 0.0 -9.0
77.17292700000004 0.0 -229.5 0.0 -8.680226125353183 0.0 -9.0
77.22842900000005 0.0 -229.5 0.0 -8.741958898864892 0.0 -9.0
77.28354000000004 0.0 -306.0 0.0 -8.635142402797609 0.0 -12.0
77.33910900000005 0.0 -306.0 0.0 -9.005030718264525 0.0 -12.0
77.39412800000005 0.0 -306.0 0.0 -9.689588799830442 0.0 -12.0
77.44924400000005 0.0 -306.0 0.0 -9.883129977861898 0.0 -12.0
77.50432900000006 0.0 -306.0 0.0 -10.003626040004278 0.0 -12.0
77.55896600000005 0.0 -306.0 0.0 -9.979431293311364 0.0 -12.0
77.61335800000006 0.0 -306.0 0.0 -9.923856035042068 0.0 -12.0
77.66889000000006 0.0 -306.0 0.0 -9.9066923346514 0.0 -12.0
77.73047200000006 0.0 -306.0 0.0 -9.932695984880741 0.0 -12.0
77.78569200000007 0.0 -306.0 0.0 -9.942688954284836 0.0 -12.0
77.84256400000007 0.0 -306.0 0.0 -9.825921127550037 0.0 -12.0
77.90002800000006 0.0 -306.0 0.0 -9.77143477963122 0.0 -12.0
77.95630600000007 0.0 -306.0 0.0 -9.745543997586488 0.0 -12.0
78.01233400000007 0.0 -306.0 0.0 -9.657196136159417 0.0 -12.0
78.06773300000006 0.0 -306.0 0.0 -9.84736127100437 0.0 -12.0
78.12353100000006 0.0 -306.0 0.0 -9.793276976560902 0.0 -12.0
78.17968800000006 0.0 -306.0 0.0 -9.440279304226546 0.0 -12.0
78.23567500000006 0.0 -306.0 0.0 -9.986381943053635 0.0 -12.0
78.29132900000006 0.0 -306.0 0.0 -9.74967134453175 0.0 -12.0
78.34977500000007 0.0 -306.0 0.0 -9.320852669240942 0.0 -12.0
78.40451000000006 0.0 -306.0 0.0 -10.05707831285648 0.0 -12.0
78.46047400000006 0.0 -306.0 0.0 -9.590249618939817 0.0 -12.0
78.51505300000007 0.0 -306.0 0.0 -9.552400937284425 0.0 -12.0
78.57137100000007 0.0 -306.0 0.0 -9.404775248077938 0.0 -12.0
78.62591700000007 0.0 -306.0 0.0 -9.309333259316428 0.0 -12.0
78.68151700000007 0.0 -306.0 0.0 -9.228611732688124 0.0 -12.0
78.73694800000007 0.0 -306.0 0.0 -9.26280520040767 0.0 -12.0
78.79217300000006 0.0 -306.0 0.0 -9.22179724052303 0.0 -12.0
78.84894100000007 0.0 -306.0 0.0 -9.080978274176372 0.0 -12.0
78.90331900000007 0.0 -306.0 0.0 -9.06289968401431 0.0 -12.0
78.96008500000006 0.0 -306.0 0.0 -8.893723953050642 0.0 -12.0
79.01425900000007 0.0 -306.0 0.0 -8.916414824582144 0.0 -12.0
79.06917800000006 0.0 -306.0 0.0 -8.853973929431207 0.0 -12.0
79.12342300000006 0.0 -306.0 0.0 -8.74647314152435 0.0 -12.0
79.18029900000006 0.0 -306.0 0.0 -8.669072636093055 0.0 -12.0
79.23577300000007 0.0 -306.0 0.0 -8.602846448172665 0.0 -12.0
79.29015800000006 0.0 -306.0 0.0 -8.57226730060497 0.0 -12.0
79.34945200000006 0.0 -306.0 0.0 -8.53071809713068 0.0 -12.0
79.40436000000005 0.0 -306.0 0.0 -8.487995691038506 0.0 -12.0
79.45938400000006 0.0 -306.0 0.0 -8.765600610781071 0.0 -12.0
79.51610400000006 0.0 -306.0 0.0 -8.21683475676203 0.0 -12.0
79.57383300000005 0.0 -306.0 0.0 -8.6988375358688 0.0 -12.0
79.62799100000005 0.0 -306.0 0.0 -8.96244425184235 0.0 -12.0
79.68198300000005 0.0 -306.0 0.0 -8.572479809601848 0.0 -12.0
79.73619200000005 0.0 -306.0 0.0 -8.53550960431227 0.0 -12.0
79.79043700000004 0.0 -306.0 0.0 -8.527192375339752 0.0 -12.0
79.84660700000003 0.0 -306.0 0.0 -8.38268100526102 0.0 -12.0
79.90181300000003 0.0 -306.0 0.0 -8.413507232277153 0.0 -12.0
79.95643800000003 0.0 -306.0 0.0 -8.337922011910123 0.0 -12.0
80.01034400000003 0.0 -306.0 0.0 -8.321008466355412 0.0 -12.0
80.06600200000003 0.0 -306.0 0.0 -8.283996725629638 0.0 -12.0
80.12089700000003 0.0 -306.0 0.0 -8.439329612890067 0.0 -12.0
80.17502400000002 0.0 -306.0 0.0 -8.860356253815938 0.0 -12.0
80.22988400000003 0.0 -306.0 0.0 -9.225449841979307 0.0 -12.0
80.28716500000003 0.0 -306.0 0.0 -9.835308301092795 0.0 -12.0
80.34177900000003 0.0 -306.0 0.0 -9.959921996446356 0.0 -12.0
80.39630100000004 0.0 -306.0 0.0 -9.907231639172549 0.0 -12.0
80.45187400000003 0.0 -306.0 0.0 -9.898520423249453 0.0 -12.0
80.51124300000004 0.0 -306.0 0.0 -9.866683470604057 0.0 -12.0
80.57018300000004 0.0 -306.0 0.0 -9.638220104574588 0.0 -12.0
80.62549900000005 0.0 -306.0 0.0 -10.468223957616884 0.0 -12.0
80.68003900000005 0.0 -306.0 0.0 -9.9866268539277 0.0 -12.0
80.73382500000005 0.0 -306.0 0.0 -9.972353157847953 0.0 -12.0
80.79012200000005 0.0 -306.0 0.0 -9.956950872059515 0.0 -12.0
80.84486800000005 0.0 -306.0 0.0 -9.90787191798654 0.0 -12.0
80.90375400000005 0.0 -306.0 0.0 -9.949241881933427 0.0 -12.0
80.96239200000005 0.0 -306.0 0.0 -9.934881705426053 0.0 -12.0
81.01908900000005 0.0 -306.0 0.0 -9.667601149440614 0.0 -12.0
81.07413700000005 0.0 -306.0 0.0 -10.29352193658326 0.0 -12.0
81.12806100000005 0.0 -306.0 0.0 -9.90324879207116 0.0 -12.0
81.18424500000005 0.0 -306.0 0.0 -9.623552597603986 0.0 -12.0
81.24144100000005 0.0 -306.0 0.0 -10.109045003153737 0.0 -12.0
81.29590600000004 0.0 -306.0 0.0 -9.839224354756508 0.0 -12.0
81.35040700000005 0.0 -306.0 0.0 -9.845925821197932 0.0 -12.0
81.40649400000005 0.0 -306.0 0.0 -9.773600756261777 0.0 -12.0
81.46379100000006 0.0 -306.0 0.0 -9.68606954354417 0.0 -12.0
81.51936500000005 0.0 -306.0 0.0 -9.685168488253105 0.0 -12.0
81.57405600000006 0.0 -306.0 0.0 -9.693327327850106 0.0 -12.0
81.62888900000006 0.0 -306.0 0.0 -9.711085732529956 0.0 -12.0
81.68317900000005 0.0 -306.0 0.0 -9.716334247989817 0.0 -12.0
81.73758500000005 0.0 -306.0 0.0 -9.739696883695762 0.0 -12.0
81.79266500000006 0.0 -306.0 0.0 -9.601357248161195 0.0 -12.0
81.84708600000006 0.0 -306.0 0.0 -9.568676954668064 0.0 -12.0
81.90132300000006 0.0 -306.0 0.0 -9.412777200435059 0.0 -12.0
81.95817300000006 0.0 -306.0 0.0 -9.072942025473393 0.0 -12.0
82.01384200000005 0.0 -306.0 0.0 -9.626423224448313 0.0 -12.0
82.06948400000006 0.0 -306.0 0.0 -9.231127710187922 0.0 -12.0
82.12503700000006 0.0 -306.0 0.0 -9.28304191771683 0.0 -12.0
82.17994200000007 0.0 -306.0 0.0 -9.230992205268738 0.0 -12.0
82.23494600000006 0.0 -306.0 0.0 -9.116714119134512 0.0 -12.0
82.29039000000006 0.0 -306.0 0.0 -9.187966999995373 0.0 -12.0
82.34439600000006 0.0 -306.0 0.0 -9.085361125049884 0.0 -12.0
82.39875500000007 0.0 -306.0 0.0 -9.145478231996586 0.0 -12.0
82.45508700000006 0.0 -229.5 0.0 -8.98949012658352 0.0 -9.0
82.51080600000006 0.0 -229.5 0.0 -8.750953267929859 0.0 -9.0
82.56483600000006 0.0 -229.5 0.0 -7.8855731949420615 0.0 -9.0
82.61925800000006 0.0 -229.5 0.0 -7.828773652616949 0.0 -9.0
82.67413800000006 0.0 -229.5 0.0 -7.986300065793384 0.0 -9.0
82.72911600000006 0.0 -229.5 0.0 -8.235531450578192 0.0 -9.0
82.78295300000006 0.0 -229.5 0.0 -8.400272161841691 0.0 -9.0
82.83677000000006 0.0 -229.5 0.0 -8.426565895333875 0.0 -9.0
82.89169900000006 0.0 -229.5 0.0 -8.424500780767602 0.0 -9.0
82.94841500000005 0.0 -229.5 0.0 -8.170056520079688 0.0 -9.0
83.00260500000006 0.0 -229.5 0.0 -8.728797530234315 0.0 -9.0
83.06024200000006 0.0 -229.5 0.0 -8.245048276417986 0.0 -9.0
83.11809300000006 0.0 -229.5 0.0 -8.354663466260416 0.0 -9.0
83.17239600000006 0.0 -229.5 0.0 -8.706217371605604 0.0 -9.0
83.23120200000007 0.0 -229.5 0.0 -8.42452087091102 0.0 -9.0
83.28503800000007 0.0 -229.5 0.0 -8.413791906463455 0.0 -9.0
83.34141600000007 0.0 -229.5 0.0 -8.342395905365477 0.0 -9.0
83.39583500000006 0.0 -229.5 0.0 -8.469960859538679 0.0 -9.0
83.45245100000007 0.0 -229.5 0.0 -8.249719082636638 0.0 -9.0
83.51317800000007 0.0 -229.5 0.0 -8.522920517613104 0.0 -9.0
83.56768100000006 0.0 -229.5 0.0 -8.534347938971582 0.0 -9.0
83.62202100000006 0.0 -229.5 0.0 -8.513167347201408 0.0 -9.0
83.68286900000005 0.0 -229.5 0.0 -8.159143534059076 0.0 -9.0
83.74161800000006 0.0 -229.5 0.0 -8.7968132619649 0.0 -9.0
83.79813100000005 0.0 -229.5 0.0 -8.412430776889957 0.0 -9.0
83.85304900000006 0.0 -229.5 0.0 -8.476843142334493 0.0 -9.0
83.90798500000005 0.0 -229.5 0.0 -8.44176189685811 0.0 -9.0
83.96300100000005 0.0 -229.5 0.0 -8.36497294088883 0.0 -9.0
84.01779600000005 0.0 -229.5 0.0 -8.450354646710498 0.0 -9.0
84.07229800000005 0.0 -229.5 0.0 -8.434181417253006 0.0 -9.0
84.12711900000005 0.0 -229.5 0.0 -8.43147348049045 0.0 -9.0
84.18218300000005 0.0 -229.5 0.0 -8.319355086166524 0.0 -9.0
84.23651500000005 0.0 -229.5 0.0 -8.570918821883692 0.0 -9.0
84.29357000000006 0.0 -229.5 0.0 -8.46029469775787 0.0 -9.0
84.34916200000006 0.0 -229.5 0.0 -8.43618911799078 0.0 -9.0
84.40403400000007 0.0 -229.5 0.0 -8.45510432556269 0.0 -9.0
84.45944500000007 0.0 -229.5 0.0 -8.394498668455148 0.0 -9.0
84.51392300000008 0.0 -229.5 0.0 -8.454624936467885 0.0 -9.0
84.56874400000008 0.0 -229.5 0.0 -8.420099696610988 0.0 -9.0
84.62323900000008 0.0 -229.5 0.0 -8.400939333607768 0.0 -9.0
84.67802200000008 0.0 -229.5 0.0 -8.450454636899448 0.0 -9.0
84.73311100000008 0.0 -229.5 0.0 -8.367818679987929 0.0 -9.0
84.78785100000007 0.0 -229.5 0.0 -8.408025476115448 0.0 -9.0
84.84898300000008 0.0 -229.5 0.0 -8.464102344651442 0.0 -9.0
84.90290400000008 0.0 -229.5 0.0 -8.420987291567654 0.0 -9.0
84.95651200000007 0.0 -229.5 0.0 -8.437945434828954 0.0 -9.0
85.01157600000008 0.0 -229.5 0.0 -8.366391540428172 0.0 -9.0
85.06785500000008 0.0 -229.5 0.0 -8.430363644734063 0.0 -9.0
85.12214500000007 0.0 -229.5 0.0 -8.495387354852708 0.0 -9.0
85.18681700000008 0.0 -229.5 0.0 -7.163486502653393 0.0 -9.0
85.24244000000007 0.0 -229.5 0.0 -9.843921101170347 0.0 -9.0
85.29660900000007 0.0 -229.5 0.0 -8.426705644918755 0.0 -9.0
85.35064200000008 0.0 -229.5 0.0 -8.44880316336727 0.0 -9.0
85.40765000000007 0.0 -229.5 0.0 -8.053329298408768 0.0 -9.0
85.46189400000007 0.0 -229.5 0.0 -8.782887115135235 0.0 -9.0
85.51765100000007 0.0 -229.5 0.0 -8.120470041248414 0.0 -9.0
85.57158200000008 0.0 -229.5 0.0 -8.681782527700737 0.0 -9.0
85.62620900000007 0.0 -229.5 0.0 -8.407857829098537 0.0 -9.0
85.68175400000007 0.0 -229.5 0.0 -8.302576582020592 0.0 -9.0
85.73726600000006 0.0 -229.5 0.0 -8.554620708703805 0.0 -9.0
85.79523800000007 0.0 -229.5 0.0 -8.482839432686417 0.0 -9.0
85.85430000000007 0.0 -229.5 0.0 -8.395314136913255 0.0 -9.0
85.91106500000006 0.0 -229.5 0.0 -8.447750192965305 0.0 -9.0
85.96685400000007 0.0 -229.5 0.0 -8.427892713847458 0.0 -9.0
86.02138000000006 0.0 -229.5 0.0 -8.429589413426688 0.0 -9.0
86.07580400000006 0.0 -229.5 0.0 -8.397798343360288 0.0 -9.0
86.13030300000007 0.0 -229.5 0.0 -8.351918575035732 0.0 -9.0
86.18547800000007 0.0 -229.5 0.0 -8.316527057736087 0.0 -9.0
86.23947700000008 0.0 -229.5 0.0 -8.363523957314305 0.0 -9.0
86.30120800000007 0.0 -229.5 0.0 -8.197052564153267 0.0 -9.0
86.35556900000007 0.0 -229.5 0.0 -8.119015385927433 0.0 -9.0
86.40986900000007 0.0 -229.5 0.0 -8.202333482697151 0.0 -9.0
86.46541900000007 0.0 -229.5 0.0 -8.224121045050612 0.0 -9.0
86.52204200000007 0.0 -229.5 0.0 -8.250393339734652 0.0 -9.0
86.57668900000007 0.0 -229.5 0.0 -8.69266372392674 0.0 -9.0
86.63157100000008 0.0 -229.5 0.0 -8.553192206313922 0.0 -9.0
86.68913100000007 0.0 -229.5 0.0 -8.718544985785828 0.0 -9.0
86.74327900000007 0.0 -229.5 0.0 -8.674449179039648 0.0 -9.0
86.80214300000007 0.0 -229.5 0.0 -8.719331035561952 0.0 -9.0
86.85762300000007 0.0 -229.5 0.0 -8.723812574608992 0.0 -9.0
86.91211800000008 0.0 -229.5 0.0 -8.704587743256242 0.0 -9.0
86.96760800000008 0.0 -229.5 0.0 -8.719647358072587 0.0 -9.0
87.02500100000009 0.0 -229.5 0.0 -8.667029614984765 0.0 -9.0
87.0790840000001 0.0 -229.5 0.0 -8.722122117942162 0.0 -9.0
87.13359200000009 0.0 -229.5 0.0 -8.682273324952227 0.0 -9.0
87.1882610000001 0.0 -229.5 0.0 -8.707589725446562 0.0 -9.0
87.2428580000001 0.0 -229.5 0.0 -8.654064187603366 0.0 -9.0
87.2971630000001 0.0 -229.5 0.0 -8.674100820403098 0.0 -9.0
87.3583440000001 0.0 -229.5 0.0 -8.717597005785612 0.0 -9.0
87.4128540000001 0.0 -229.5 0.0 -8.670516092284718 0.0 -9.0
87.46737500000009 0.0 -229.5 0.0 -8.629179327095136 0.0 -9.0
87.52525400000009 0.0 -229.5 0.0 -8.585967245920346 0.0 -9.0
87.57972700000009 0.0 -153.0 0.0 -8.641185584154579 0.0 -6.0
87.63440000000008 0.0 -153.0 0.0 -7.903368916957196 0.0 -6.0
87.69014100000008 0.0 -153.0 0.0 -6.235798572915884 0.0 -6.0
87.74417200000008 0.0 -153.0 0.0 -5.337732078329199 0.0 -6.0
87.79865600000008 0.0 -153.0 0.0 -4.869919247855029 0.0 -6.0
87.85316900000008 0.0 -153.0 0.0 -4.620090767339901 0.0 -6.0
87.90773100000008 0.0 -153.0 0.0 -4.380353687656661 0.0 -6.0
87.96403600000008 0.0 -153.0 0.0 -4.2038650576001695 0.0 -6.0
88.01854300000008 0.0 -153.0 0.0 -4.104070710812211 0.0 -6.0
88.07282600000008 0.0 -153.0 0.0 -3.9928874873235802 0.0 -6.0
88.12816800000007 0.0 -153.0 0.0 -3.9910149738657683 0.0 -6.0
88.18299100000007 0.0 -153.0 0.0 -3.976304760529301 0.0 -6.0
88.23978300000007 0.0 -153.0 0.0 -3.983706055519876 0.0 -6.0
88.29387500000007 0.0 -153.0 0.0 -3.9910259009693014 0.0 -6.0
88.34758100000008 0.0 -153.0 0.0 -3.978629272161875 0.0 -6.0
88.40128800000008 0.0 -153.0 0.0 -3.9624802214156665 0.0 -6.0
88.45717000000008 0.0 -153.0 0.0 -3.8219880676691287 0.0 -6.0
88.51208500000007 0.0 -153.0 0.0 -4.097160883055137 0.0 -6.0
88.57152900000007 0.0 -153.0 0.0 -3.9294295645968913 0.0 -6.0
88.62839700000006 0.0 -153.0 0.0 -3.9041617184102124 0.0 -6.0
88.68376800000006 0.0 -153.0 0.0 -4.00278417636659 0.0 -6.0
88.73854200000005 0.0 -153.0 0.0 -3.936079043990092 0.0 -6.0
88.79302100000005 0.0 -153.0 0.0 -3.920415888644914 0.0 -6.0
88.84673600000005 0.0 -153.0 0.0 -3.9297449199155223 0.0 -6.0
88.90097800000005 0.0 -153.0 0.0 -3.9375453928226514 0.0 -6.0
88.95557400000006 0.0 -153.0 0.0 -3.952425938566783 0.0 -6.0
89.01018800000006 0.0 -153.0 0.0 -3.9555143877959957 0.0 -6.0
89.06432200000006 0.0 -153.0 0.0 -3.9117326232300953 0.0 -6.0
89.11902700000006 0.0 -153.0 0.0 -3.9375366158309943 0.0 -6.0
89.17500700000006 0.0 -153.0 0.0 -3.9326777774988204 0.0 -6.0
89.23405400000007 0.0 -153.0 0.0 -3.9168590309440345 0.0 -6.0
89.28826800000007 0.0 -153.0 0.0 -3.9015368279934988 0.0 -6.0
89.34320600000008 0.0 -153.0 0.0 -3.919963910634076 0.0 -6.0
89.39727500000008 0.0 -153.0 0.0 -3.926193004101326 0.0 -6.0
89.45151000000008 0.0 -153.0 0.0 -3.9062166556499927 0.0 -6.0
89.50706600000008 0.0 -153.0 0.0 -3.8400986565697277 0.0 -6.0
89.56139100000009 0.0 -153.0 0.0 -3.9580162834068475 0.0 -6.0
89.61543100000009 0.0 -153.0 0.0 -3.9069987346388233 0.0 -6.0
89.67013000000009 0.0 -153.0 0.0 -3.9046479313604685 0.0 -6.0
89.72529800000008 0.0 -153.0 0.0 -3.9288339521894198 0.0 -6.0
89.77931400000008 0.0 -153.0 0.0 -3.965563155426952 0.0 -6.0
89.83313000000008 0.0 -153.0 0.0 -3.934847142595845 0.0 -6.0
89.88997900000008 0.0 -153.0 0.0 -3.936683296583591 0.0 -6.0
89.94455800000009 0.0 -153.0 0.0 -3.9070813769242454 0.0 -6.0
89.99868000000009 0.0 -153.0 0.0 -3.908168907151242 0.0 -6.0
90.0531920000001 0.0 -153.0 0.0 -3.9057244596567835 0.0 -6.0
90.10759400000009 0.0 -153.0 0.0 -3.904805324778752 0.0 -6.0
90.1619530000001 0.0 -153.0 0.0 -3.903482460043695 0.0 -6.0
90.2160730000001 0.0 -153.0 0.0 -3.908313333201026 0.0 -6.0
90.2707210000001 0.0 -153.0 0.0 -3.889860727171584 0.0 -6.0
90.33297600000009 0.0 -153.0 0.0 -3.8876000713671726 0.0 -6.0
90.38801200000009 0.0 -153.0 0.0 -3.883353204036364 0.0 -6.0
90.4422920000001 0.0 -153.0 0.0 -3.869400459609968 0.0 -6.0
90.4990390000001 0.0 -153.0 0.0 -3.8575476689917 0.0 -6.0
90.5548860000001 0.0 -153.0 0.0 -3.816653857466095 0.0 -6.0
90.61126900000009 0.0 -153.0 0.0 -3.9539075659033056 0.0 -6.0
90.66831600000009 0.0 -153.0 0.0 -3.84314688412379 0.0 -6.0
90.72254900000009 0.0 -153.0 0.0 -3.874522586633018 0.0 -6.0
90.78014500000009 0.0 -153.0 0.0 -3.8606432969110664 0.0 -6.0
90.83901700000008 0.0 -153.0 0.0 -3.6392822165063516 0.0 -6.0
90.89455500000008 0.0 -153.0 0.0 -4.077109137735669 0.0 -6.0
90.95024300000009 0.0 -153.0 0.0 -3.8542509808777377 0.0 -6.0
91.00521100000009 0.0 -153.0 0.0 -3.8288226998836827 0.0 -6.0
91.06045400000009 0.0 -153.0 0.0 -3.8401506036764026 0.0 -6.0
91.11559200000009 0.0 -153.0 0.0 -3.883128385329589 0.0 -6.0
91.1695190000001 0.0 -153.0 0.0 -3.881387954982359 0.0 -6.0
91.2235570000001 0.0 -153.0 0.0 -3.8450124793016682 0.0 -6.0
91.2778670000001 0.0 -153.0 0.0 -3.85313284849409 0.0 -6.0
91.3325610000001 0.0 -153.0 0.0 -3.832219031850877 0.0 -6.0
91.3873590000001 0.0 -153.0 0.0 -3.9063463933662392 0.0 -6.0
91.4433860000001 0.0 -153.0 0.0 -3.8086723224696573 0.0 -6.0
91.5004610000001 0.0 -153.0 0.0 -4.037064157003907 0.0 -6.0
91.5550030000001 0.0 -153.0 0.0 -3.9026967932637393 0.0 -6.0
91.6101070000001 0.0 -153.0 0.0 -3.8863947473309115 0.0 -6.0
91.66499400000009 0.0 -153.0 0.0 -3.88952594793388 0.0 -6.0
91.7195390000001 0.0 -153.0 0.0 -3.905999477214587 0.0 -6.0
91.7734950000001 0.0 -153.0 0.0 -3.867745682450103 0.0 -6.0
91.8281700000001 0.0 -153.0 0.0 -3.8756584099825706 0.0 -6.0
91.8821860000001 0.0 -153.0 0.0 -3.890087815478163 0.0 -6.0
91.93688900000011 0.0 -153.0 0.0 -3.887703334583334 0.0 -6.0
91.9913580000001 0.0 -153.0 0.0 -3.886793783240344 0.0 -6.0
92.04554900000011 0.0 -153.0 0.0 -3.8846061045898024 0.0 -6.0
92.10039900000011 0.0 -153.0 0.0 -3.8737863723834702 0.0 -6.0
92.1558140000001 0.0 -153.0 0.0 -3.8870872610129843 0.0 -6.0
92.2102720000001 0.0 -153.0 0.0 -3.87965223401045 0.0 -6.0
92.2647530000001 0.0 -153.0 0.0 -3.8938609753656417 0.0 -6.0
92.3199020000001 0.0 -153.0 0.0 -3.865829502339639 0.0 -6.0
92.3754290000001 0.0 -153.0 0.0 -3.8818382104002307 0.0 -6.0
92.4303420000001 0.0 -153.0 0.0 -3.9086469255571443 0.0 -6.0
92.4847190000001 0.0 -153.0 0.0 -3.8519134558396524 0.0 -6.0
92.5386690000001 0.0 -153.0 0.0 -3.8770661447353962 0.0 -6.0
92.5935860000001 0.0 -153.0 0.0 -3.8638200019213578 0.0 -6.0
92.6498880000001 0.0 -153.0 0.0 -3.8769623701860687 0.0 -6.0
92.7044760000001 0.0 -76.5 0.0 -3.87392749956437 0.0 -3.0
92.7584420000001 0.0 -76.5 0.0 -3.37376281674293 0.0 -3.0
92.8158040000001 0.0 -76.5 0.0 -2.153922863434422 0.0 -3.0
92.8708190000001 0.0 -76.5 0.0 -1.4367614365037096 0.0 -3.0
92.9276800000001 0.0 -76.5 0.0 -1.1235652643715213 0.0 -3.0
92.98278100000009 0.0 -76.5 0.0 -1.1168008822537558 0.0 -3.0
93.03928900000008 0.0 -76.5 0.0 -1.1908479331674662 0.0 -3.0
93.09276600000008 0.0 -76.5 0.0 -1.199148432607056 0.0 -3.0
93.14957400000009 0.0 -76.5 0.0 -1.1668287358895517 0.0 -3.0
93.20683500000008 0.0 -76.5 0.0 -1.1500591608396016 0.0 -3.0
93.26067400000008 0.0 -76.5 0.0 -1.1269434234274365 0.0 -3.0
93.31797200000008 0.0 -76.5 0.0 -1.157687355143868 0.0 -3.0
93.37563300000008 0.0 -76.5 0.0 -1.2136171210719535 0.0 -3.0
93.43029100000008 0.0 -76.5 0.0 -1.312763308995179 0.0 -3.0
93.48649600000009 0.0 -76.5 0.0 -1.3406326917451354 0.0 -3.0
93.54243800000009 0.0 -76.5 0.0 -1.3735140160299202 0.0 -3.0
93.59689700000008 0.0 -76.5 0.0 -1.388018080989989 0.0 -3.0
93.65261800000009 0.0 -76.5 0.0 -1.4228611593896385 0.0 -3.0
93.70761600000009 0.0 -76.5 0.0 -1.425868362907662 0.0 -3.0
93.76213800000009 0.0 -76.5 0.0 -1.450632656099763 0.0 -3.0
93.81688800000009 0.0 -76.5 0.0 -1.4533520756542135 0.0 -3.0
93.8744450000001 0.0 -76.5 0.0 -1.4541387728922923 0.0 -3.0
93.9287660000001 0.0 -76.5 0.0 -1.4683617593296692 0.0 -3.0
93.98329300000009 0.0 -76.5 0.0 -1.454018131610946 0.0 -3.0
94.0390480000001 0.0 -76.5 0.0 -1.4650059903745785 0.0 -3.0
94.09632100000009 0.0 -76.5 0.0 -1.4646992184422056 0.0 -3.0
94.15107300000008 0.0 -76.5 0.0 -1.4778272400536885 0.0 -3.0
94.20532500000009 0.0 -76.5 0.0 -1.4719974493435513 0.0 -3.0
94.26062000000009 0.0 -76.5 0.0 -1.4771933989209625 0.0 -3.0
94.31475000000009 0.0 -76.5 0.0 -1.462023959403122 0.0 -3.0
94.36928800000008 0.0 -76.5 0.0 -1.4396537224767132 0.0 -3.0
94.42572600000008 0.0 -76.5 0.0 -1.3818391687093514 0.0 -3.0
94.48441100000008 0.0 -76.5 0.0 -1.287247395859489 0.0 -3.0
94.53984500000008 0.0 -76.5 0.0 -1.343704621719178 0.0 -3.0
94.59437500000008 0.0 -76.5 0.0 -1.2833005101435888 0.0 -3.0
94.64828900000009 0.0 -76.5 0.0 -1.229461862010121 0.0 -3.0
94.7030870000001 0.0 -76.5 0.0 -1.2157551289235282 0.0 -3.0
94.75802400000009 0.0 -76.5 0.0 -1.2022023516994957 0.0 -3.0
94.81235900000009 0.0 -76.5 0.0 -1.1863918920928567 0.0 -3.0
94.86671800000009 0.0 -76.5 0.0 -1.1620448462652682 0.0 -3.0
94.92082800000009 0.0 -76.5 0.0 -1.1461186080070433 0.0 -3.0
94.97497600000008 0.0 -76.5 0.0 -1.1426569428123299 0.0 -3.0
95.03108500000009 0.0 -76.5 0.0 -1.1488817027012668 0.0 -3.0
95.08539700000009 0.0 -76.5 0.0 -1.1489207514401725 0.0 -3.0
95.13948600000009 0.0 -76.5 0.0 -1.1235081711096366 0.0 -3.0
95.19374700000009 0.0 -76.5 0.0 -1.0863572380826165 0.0 -3.0
95.24798700000008 0.0 -76.5 0.0 -1.0797036158304447 0.0 -3.0
95.30224500000008 0.0 -76.5 0.0 -1.074925502037393 0.0 -3.0
95.35639200000008 0.0 -76.5 0.0 -1.077129072516388 0.0 -3.0
95.41262800000008 0.0 -76.5 0.0 -1.0797615445716167 0.0 -3.0
95.46718300000008 0.0 -76.5 0.0 -1.0822611417622625 0.0 -3.0
95.52333200000008 0.0 -76.5 0.0 -1.0532455267605767 0.0 -3.0
95.58185300000008 0.0 -76.5 0.0 -1.0507148231650947 0.0 -3.0
95.63629600000009 0.0 -76.5 0.0 -1.0554151947980535 0.0 -3.0
95.69099500000009 0.0 -76.5 0.0 -1.0732739878700233 0.0 -3.0
95.74531500000009 0.0 -76.5 0.0 -1.079879429600197 0.0 -3.0
95.79925500000009 0.0 -76.5 0.0 -1.0617003423046283 0.0 -3.0
95.85937500000009 0.0 -76.5 0.0 -1.0235669563051264 0.0 -3.0
95.91699200000008 0.0 -76.5 0.0 -1.1529426483203347 0.0 -3.0
95.97177100000007 0.0 -76.5 0.0 -1.0857158000039697 0.0 -3.0
96.02653300000007 0.0 -76.5 0.0 -1.084301145231695 0.0 -3.0
96.08162400000008 0.0 -76.5 0.0 -1.0969793748672432 0.0 -3.0
96.13655000000007 0.0 -76.5 0.0 -1.0880494718008886 0.0 -3.0
96.19262800000007 0.0 -76.5 0.0 -1.0802378915202104 0.0 -3.0
96.24730300000007 0.0 -76.5 0.0 -1.0544457693071638 0.0 -3.0
96.30531000000008 0.0 -76.5 0.0 -1.074081703225115 0.0 -3.0
96.35985400000008 0.0 -76.5 0.0 -1.0464260684480948 0.0 -3.0
96.41458300000008 0.0 -76.5 0.0 -1.0455179743333873 0.0 -3.0
96.46874300000007 0.0 -76.5 0.0 -1.0644723492774961 0.0 -3.0
96.52906900000008 0.0 -76.5 0.0 -1.0264322412562035 0.0 -3.0
96.58330000000008 0.0 -76.5 0.0 -1.025932881172063 0.0 -3.0
96.63772600000009 0.0 -76.5 0.0 -1.0160883282347462 0.0 -3.0
96.69240200000009 0.0 -76.5 0.0 -1.010565149350439 0.0 -3.0
96.74901000000008 0.0 -76.5 0.0 -1.0150503365317698 0.0 -3.0
96.80295100000008 0.0 -76.5 0.0 -0.997659715379653 0.0 -3.0
96.85745100000008 0.0 -76.5 0.0 -1.0129485662250444 0.0 -3.0
96.91204500000008 0.0 -76.5 0.0 -1.0727025702942323 0.0 -3.0
96.97171600000007 0.0 -76.5 0.0 -1.1172749375973452 0.0 -3.0
97.02584700000007 0.0 -76.5 0.0 -1.1128897998251008 0.0 -3.0
97.08003900000007 0.0 -76.5 0.0 -1.0912806887009083 0.0 -3.0
97.13443600000006 0.0 -76.5 0.0 -1.0986305363923674 0.0 -3.0
97.18885200000007 0.0 -76.5 0.0 -1.109705371475147 0.0 -3.0
97.24329300000007 0.0 -76.5 0.0 -1.0748362608332622 0.0 -3.0
97.29843700000006 0.0 -76.5 0.0 -1.091576137162934 0.0 -3.0
97.35202400000006 0.0 -76.5 0.0 -1.0669040993276777 0.0 -3.0
97.40774400000005 0.0 -76.5 0.0 -1.0381133421275655 0.0 -3.0
97.46398500000005 0.0 -76.5 0.0 -1.0728430192843639 0.0 -3.0
97.51790900000005 0.0 -76.5 0.0 -1.083362406030418 0.0 -3.0
97.57205900000005 0.0 -76.5 0.0 -1.0921271113957456 0.0 -3.0
97.62736100000005 0.0 -76.5 0.0 -1.0676423382308098 0.0 -3.0
97.68172400000005 0.0 -76.5 0.0 -1.0975530930025243 0.0 -3.0
97.73590700000004 0.0 -76.5 0.0 -1.0879211209346262 0.0 -3.0
97.79019800000005 0.0 -76.5 0.0 -1.0822231513348821 0.0 -3.0
97.84775400000005 0.0 0.0 0.0 -1.0508314335157234 0.0 0.0
97.90330300000005 0.0 0.0 0.0 -0.550874927421973 0.0 0.0
97.95824100000006 0.0 0.0 0.0 0.029683468365603243 0.0 0.0
98.01281600000006 0.0 0.0 0.0 0.01581930259559225 0.0 0.0
98.06727600000006 0.0 0.0 0.0 0.05108094572056752 0.0 0.0
98.12098300000007 0.0 0.0 0.0 0.0062513774058845315 0.0 0.0
98.17489600000006 0.0 0.0 0.0 0.0 0.0 0.0
98.22920000000006 0.0 0.0 0.0 0.0 0.0 0.0
98.28583500000006 0.0 0.0 0.0 0.0 0.0 0.0
98.34017500000006 0.0 0.0 0.0 0.0 0.0 0.0
98.39673600000006 0.0 0.0 0.0 0.0 0.0 0.0
98.45033000000006 0.0 0.0 0.0 0.0 0.0 0.0
98.50429600000007 0.0 0.0 0.0 0.0 0.0 0.0
98.55802600000007 0.0 0.0 0.0 0.0 0.0 0.0
98.61196200000006 0.0 0.0 0.0 0.0 0.0 0.0
98.66578000000007 0.0 0.0 0.0 0.0 0.0 0.0
98.71932600000007 0.0 0.0 0.0 0.0 0.0 0.0
98.77316700000007 0.0 0.0 0.0 0.0 0.0 0.0
98.82734000000008 0.0 0.0 0.0 0.0 0.0 0.0
