157.68466799999973 0.0 43.47407586893972 0.0 0.0 0.0 0.0
157.73893499999974 0.0 43.47407586893972 0.0 0.0 0.0 0.0
157.79345799999973 0.0 43.47407586893972 0.0 0.0 0.0 0.0
157.84743099999974 0.0 43.47407586893972 0.0 0.0 0.0 0.0
157.90185599999975 0.0 43.47407586893972 0.0 0.0 0.0 0.0
157.95570699999976 0.0 43.47407586893972 0.0 0.0 0.0 0.0
158.01198199999976 0.0 43.47407586893972 0.0 0.0 0.0 0.0
158.06545099999977 0.0 43.47407586893972 0.0 0.0 0.0 0.0
158.11930299999977 0.0 43.47407586893972 0.0 0.0 0.0 0.0
158.17328099999978 0.0 43.47407586893972 0.0 0.0 0.0 0.0
158.22696799999977 0.0 43.47407586893972 0.0 0.0 0.0 0.0
158.28070399999976 0.0 43.47407586893972 0.0 0.0 0.0 0.0
158.33494199999976 0.0 43.47407586893972 0.0 0.0 0.0 0.0
158.38870299999977 0.0 43.47407586893972 0.0 0.0 0.0 0.0
158.44358099999977 0.0 43.47407586893972 0.0 0.0 0.0 0.0
158.49778499999977 0.0 43.47407586893972 0.0 0.0 0.0 0.0
158.55248899999975 0.0 43.47407586893972 0.0 0.0 0.0 0.0
158.60575699999976 0.0 43.47407586893972 0.0 0.0 0.0 0.0
158.65948599999976 0.0 43.47407586893972 0.0 0.0 0.0 0.0
158.71744199999975 0.0 43.47407586893972 0.0 0.0 0.0 0.0
158.77088199999974 0.0 43.47407586893972 0.0 0.0 0.0 0.0
158.82462099999975 0.0 43.47407586893972 0.0 0.0 0.0 0.0
158.87853599999974 0.0 43.47407586893972 0.0 0.0 0.0 0.0
158.93251299999974 0.0 43.47407586893972 0.0 0.0 0.0 0.0
158.98655799999975 0.0 43.47407586893972 0.0 0.0 0.0 0.0
159.04003599999976 0.0 43.47407586893972 0.0 0.0 0.0 0.0
159.09407799999977 0.0 43.47407586893972 0.0 0.0 0.0 0.0
159.14867099999978 0.0 43.47407586893972 0.0 0.0 0.0 0.0
159.2033219999998 0.0 43.47407586893972 0.0 0.0 0.0 0.0
159.2577019999998 0.0 43.47407586893972 0.0 0.0 0.0 0.0
159.3116749999998 0.0 43.47407586893972 0.0 0.0 0.0 0.0
159.36595499999981 0.0 43.47407586893972 0.0 0.0 0.0 0.0
159.4217019999998 0.0 43.47407586893972 0.0 0.0 0.0 0.0
159.47703899999982 0.0 43.47407586893972 0.0 0.0 0.0 0.0
159.5317759999998 0.0 43.47407586893972 0.0 0.0 0.0 0.0
159.5858439999998 0.0 43.47407586893972 0.0 0.0 0.0 0.0
159.6396019999998 0.0 43.47407586893972 0.0 0.0 0.0 0.0
159.69400199999978 0.0 43.47407586893972 0.0 0.0 0.0 0.0
159.7479339999998 0.0 43.47407586893972 0.0 0.0 0.0 0.0
159.80163599999977 0.0 43.47407586893972 0.0 0.0 0.0 0.0
159.8553729999998 0.0 43.47407586893972 0.0 0.0 0.0 0.0
159.9092129999998 0.0 43.47407586893972 0.0 0.0 0.0 0.0
159.9625819999998 0.0 43.47407586893972 0.0 0.0 0.0 0.0
160.0163909999998 0.0 43.47407586893972 0.0 0.0 0.0 0.0
160.0718569999998 0.0 43.47407586893972 0.0 0.0 0.0 0.0
160.1256629999998 0.0 43.47407586893972 0.0 0.0 0.0 0.0
160.1813959999998 0.0 43.47407586893972 0.0 0.0 0.0 0.0
160.24060399999982 0.0 43.47407586893972 0.0 0.0 0.0 0.0
160.2950039999998 0.0 43.47407586893972 0.0 0.0 0.0 0.0
160.35197299999982 0.0 43.47407586893972 0.0 0.0 0.0 0.0
160.4089049999998 0.0 43.47407586893972 0.0 0.0 0.0 0.0
160.4649669999998 0.0 43.47407586893972 0.0 0.0 0.0 0.0
160.5208069999998 0.0 43.47407586893972 0.0 0.0 0.0 0.0
160.5743189999998 0.0 43.47407586893972 0.0 0.0 0.0 0.0
160.6283199999998 0.0 43.47407586893972 0.0 0.0 0.0 0.0
160.6826559999998 0.0 43.47407586893972 0.0 0.0 0.0 0.0
160.73714799999982 0.0 43.47407586893972 0.0 0.0 0.0 0.0
160.79270399999982 0.0 43.47407586893972 0.0 0.0 0.0 0.0
160.8466179999998 0.0 43.47407586893972 0.0 0.0 0.0 0.0
160.90153699999982 0.0 43.47407586893972 0.0 0.0 0.0 0.0
160.95576999999983 0.0 43.47407586893972 0.0 0.0 0.0 0.0
161.00959499999982 0.0 43.47407586893972 0.0 0.0 0.0 0.0
161.0633649999998 0.0 43.47407586893972 0.0 0.0 0.0 0.0
161.1170529999998 0.0 43.47407586893972 0.0 0.0 0.0 0.0
161.1713909999998 0.0 43.47407586893972 0.0 0.0 0.0 0.0
161.2251709999998 0.0 43.47407586893972 0.0 0.0 0.0 0.0
161.27878299999978 0.0 43.47407586893972 0.0 0.0 0.0 0.0
161.33365899999978 0.0 43.47407586893972 0.0 0.0 0.0 0.0
161.3883789999998 0.0 43.47407586893972 0.0 0.0 0.0 0.0
161.4450309999998 0.0 43.47407586893972 0.0 0.0 0.0 0.0
161.4992609999998 0.0 43.47407586893972 0.0 0.0 0.0 0.0
161.5532859999998 0.0 43.47407586893972 0.0 0.0 0.0 0.0
161.60705099999979 0.0 43.47407586893972 0.0 0.0 0.0 0.0
161.66050099999978 0.0 43.47407586893972 0.0 0.0 0.0 0.0
161.71447899999978 0.0 43.47407586893972 0.0 0.0 0.0 0.0
161.77035299999977 0.0 43.47407586893972 0.0 0.0 0.0 0.0
161.82443699999976 0.0 43.47407586893972 0.0 0.0 0.0 0.0
161.87786299999976 0.0 43.47407586893972 0.0 0.0 0.0 0.0
161.93159299999976 0.0 43.47407586893972 0.0 0.0 0.0 0.0
161.98500399999978 0.0 43.47407586893972 0.0 0.0 0.0 0.0
162.03855999999976 0.0 43.47407586893972 0.0 0.0 0.0 0.0
162.09242899999975 0.0 43.47407586893972 0.0 0.0 0.0 0.0
162.14614999999975 0.0 43.47407586893972 0.0 0.0 0.0 0.0
162.20003599999976 0.0 43.47407586893972 0.0 0.0 0.0 0.0
162.25480999999976 0.0 43.47407586893972 0.0 0.0 0.0 0.0
162.30882599999975 0.0 43.90407586893972 0.0 0.0 0.0 0.43
162.36636499999975 0.0 44.33407586893972 0.0 0.0 0.0 0.43
162.42073799999974 0.0 44.87407586893972 0.0 0.0 0.0 0.54
162.47556299999974 0.0 45.62407586893972 0.0 0.0 0.0 0.75
162.53277999999975 0.0 46.48407586893972 0.0 0.0 0.0 0.86
162.58856399999974 0.0 47.45407586893972 0.0 0.0 0.0 0.97
162.64899899999975 0.0 48.42407586893972 0.0 0.0 0.0 0.97
162.70474499999975 0.0 49.394075868939716 0.0 0.0 0.0 0.97
162.76176299999975 0.0 50.36239347928664 0.0 0.001682389653081185 0.0 0.97
162.81635299999974 0.0 51.22520322305652 0.0 0.10719025623012206 0.0 0.97
162.87475999999972 0.0 51.83141603568988 0.0 0.36378718736663984 0.0 0.97
162.9312869999997 0.0 52.37801376662861 0.0 0.42340226906126377 0.0 0.97
162.98513999999972 0.0 53.025166239895285 0.0 0.43284752673333093 0.0 1.08
163.0416979999997 0.0 53.627721707788666 0.0 0.4774445321066218 0.0 1.08
163.09830699999972 0.0 54.32647095119546 0.0 0.48125075659320554 0.0 1.18
163.15284999999972 0.0 54.980610227022325 0.0 0.5258607241731389 0.0 1.18
163.21364899999972 0.0 55.83943706330074 0.0 0.5411731637215804 0.0 1.4
163.26815499999972 0.0 56.69298023009287 0.0 0.5464568332078747 0.0 1.61
163.3218909999997 0.0 57.81317187575997 0.0 0.5998083543328995 0.0 1.72
163.3762389999997 0.0 59.00599177604301 0.0 0.6371800997169585 0.0 1.83
163.43025699999973 0.0 60.25608391896758 0.0 0.6899078570754249 0.0 1.94
163.4847699999997 0.0 61.5464519757618 0.0 0.7496319432057886 0.0 2.04
163.5394499999997 0.0 62.80139151993473 0.0 0.7850604558270646 0.0 2.04
163.5947019999997 0.0 64.12237355638942 0.0 0.8290179635453084 0.0 2.15
163.6513259999997 0.0 65.50144362412608 0.0 0.8809299322633364 0.0 2.26
163.7054889999997 0.0 66.93277624202256 0.0 0.9386673821035206 0.0 2.37
163.7715879999997 0.0 68.65261238582916 0.0 0.9701638561933997 0.0 2.69
163.8260399999997 0.0 70.50529915158958 0.0 1.0473132342395723 0.0 2.9
163.8822659999997 0.0 72.55387600652622 0.0 1.071423145063361 0.0 3.12
163.9382269999997 0.0 74.66424626545975 0.0 1.2196297410664751 0.0 3.33
163.9919359999997 0.0 76.9416918251786 0.0 1.272554440281152 0.0 3.55
164.0460949999997 0.0 79.47266361400457 0.0 1.3390282111740162 0.0 3.87
164.1038069999997 0.0 82.20827489788903 0.0 1.4543887161155415 0.0 4.19
164.1577429999997 0.0 85.15783783302743 0.0 1.5704370648615988 0.0 4.52
164.2115769999997 0.0 88.20662063996434 0.0 1.6812171930630802 0.0 4.73
164.2735389999997 0.0 91.27863291717658 0.0 1.7679877227877632 0.0 4.84
164.3279179999997 0.0 94.06617746775636 0.0 2.05245544942022 0.0 4.84
164.3845199999997 0.0 96.90197125037658 0.0 2.1142062173797798 0.0 4.95
164.4386079999997 0.0 99.60136631174366 0.0 2.2506049386329137 0.0 4.95
164.4925439999997 0.0 102.17525768359519 0.0 2.3761086281484665 0.0 4.95
164.5472939999997 0.0 104.67234278797626 0.0 2.452914895618926 0.0 4.95
164.6020409999997 0.0 106.96779299972 0.0 2.6545497882562565 0.0 4.95
164.6568409999997 0.0 109.28178736225367 0.0 2.7360056374663433 0.0 5.05
164.7107979999997 0.0 111.46236615484102 0.0 2.8694212074126466 0.0 5.05
164.7656409999997 0.0 113.65762305105832 0.0 2.9647431037826917 0.0 5.16
164.82081899999972 0.0 115.73701581592499 0.0 3.0806072351333262 0.0 5.16
164.8762989999997 0.0 117.69139724228015 0.0 3.2056185736448466 0.0 5.16
164.9318559999997 0.0 119.56043667719808 0.0 3.29096056508206 0.0 5.16
164.9855599999997 0.0 121.32039050035529 0.0 3.4000461768427965 0.0 5.16
165.0442249999997 0.0 122.9942354916386 0.0 3.486155008716689 0.0 5.16
165.0992809999997 0.0 124.54584099333212 0.0 3.6083944983064913 0.0 5.16
165.1538869999997 0.0 126.05365662815838 0.0 3.6521843651737402 0.0 5.16
165.2113149999997 0.0 127.50959243023522 0.0 3.70406419792317 0.0 5.16
165.2657539999997 0.0 128.8432109744899 0.0 3.826381455745333 0.0 5.16
165.3192339999997 0.0 130.10911193143266 0.0 3.894099043057227 0.0 5.16
165.3743429999997 0.0 131.33259041115713 0.0 3.9365215202755386 0.0 5.16
165.4308629999997 0.0 132.43370490899886 0.0 4.058885502158253 0.0 5.16
165.4852899999997 0.0 133.46068955547298 0.0 4.133015353525881 0.0 5.16
165.5502669999997 0.0 134.43459953007522 0.0 4.186090025397764 0.0 5.16
165.6047309999997 0.0 135.36311818445944 0.0 4.231481345615777 0.0 5.16
165.6585009999997 0.0 136.2361298405086 0.0 4.286988343950853 0.0 5.16
165.71273199999968 0.0 137.0880961644835 0.0 4.308033676025102 0.0 5.16
165.7672909999997 0.0 137.87629269594987 0.0 4.371803468533621 0.0 5.16
165.8214239999997 0.0 138.59021412026385 0.0 4.446078575686032 0.0 5.16
165.87527199999968 0.0 139.32692109706173 0.0 4.423293023202124 0.0 5.16
165.9357089999997 0.0 139.99510357025773 0.0 4.4918175268040095 0.0 5.16
165.98923099999968 0.0 140.67439968963933 0.0 4.480703880618391 0.0 5.16
166.04348999999968 0.0 141.34207179341433 0.0 4.492327896224999 0.0 5.16
166.0979369999997 0.0 141.62773482307978 0.0 4.554336970334546 0.0 4.84
166.1527449999997 0.0 141.90489056904622 0.0 4.562844254033562 0.0 4.84
166.2065329999997 0.0 142.15704748400285 0.0 4.587843085043369 0.0 4.84
166.2611979999997 0.0 142.4477118263956 0.0 4.549335657607252 0.0 4.84
166.3155539999997 0.0 142.68692501583058 0.0 4.6007868105650065 0.0 4.84
166.3697009999997 0.0 142.9331821128125 0.0 4.593742903018082 0.0 4.84
166.4239089999997 0.0 143.14479251962317 0.0 4.628389593189313 0.0 4.84
166.4775529999997 0.0 143.35334040028079 0.0 4.6314521193423674 0.0 4.84
166.5318529999997 0.0 143.5462936145313 0.0 4.647046785749484 0.0 4.84
166.5862009999997 0.0 143.7398210037144 0.0 4.646472610816879 0.0 4.84
166.6442709999997 0.0 143.93299432070452 0.0 4.646826683009891 0.0 4.84
166.7004629999997 0.0 144.11255641951723 0.0 4.660437901187279 0.0 4.84
166.7543319999997 0.0 144.2665483822521 0.0 4.68600803726515 0.0 4.84
166.8083419999997 0.0 144.43188572337309 0.0 4.674662658879023 0.0 4.84
166.8624919999997 0.0 144.5074479843644 0.0 4.76443773900869 0.0 4.84
166.9165699999997 0.0 144.62278703641707 0.0 4.724660947947347 0.0 4.84
166.9708169999997 0.0 144.71217365526047 0.0 4.750613381156606 0.0 4.84
167.0247109999997 0.0 144.82829134818877 0.0 4.7238823070717055 0.0 4.84
167.0789079999997 0.0 144.8947106653721 0.0 4.773580682816687 0.0 4.84
167.1335589999997 0.0 144.98411042105104 0.0 4.750600244321057 0.0 4.84
167.1878189999997 0.0 145.0348573767184 0.0 4.78925304433263 0.0 4.84
167.2419469999997 0.0 145.0810138167766 0.0 4.793843559941823 0.0 4.84
167.2977249999997 0.0 145.17525100538003 0.0 4.7457628113965615 0.0 4.84
167.3528789999997 0.0 145.2879744955232 0.0 4.72727650985682 0.0 4.84
167.41029199999969 0.0 145.295142528984 0.0 4.832831966539204 0.0 4.84
167.4657849999997 0.0 145.3753782499823 0.0 4.759764279001695 0.0 4.84
167.5264429999997 0.0 145.5580614477471 0.0 4.657316802235203 0.0 4.84
167.5821769999997 0.0 145.61240790678278 0.0 4.7856535409643035 0.0 4.84
167.6381149999997 0.0 145.63018868212075 0.0 4.822219224662037 0.0 4.84
167.69326599999968 0.0 145.705259157193 0.0 4.764929524927739 0.0 4.84
167.7498629999997 0.0 145.78681560418548 0.0 4.758443553007541 0.0 4.84
167.8053899999997 0.0 145.86564688684544 0.0 4.761168717340025 0.0 4.84
167.8590169999997 0.0 145.9358854938379 0.0 4.7697613930075295 0.0 4.84
167.9135689999997 0.0 146.03161069621626 0.0 4.744274797621633 0.0 4.84
167.97070799999972 0.0 146.17257405614498 0.0 4.699036640071283 0.0 4.84
168.02494299999972 0.0 146.22376645135785 0.0 4.78880760478712 0.0 4.84
168.08025899999973 0.0 146.28356942672917 0.0 4.780197024628666 0.0 4.84
168.13429699999972 0.0 146.26227363976352 0.0 4.86129578696566 0.0 4.84
168.1880299999997 0.0 146.26158567485206 0.0 4.840687964911451 0.0 4.84
168.24211899999972 0.0 146.2785699347847 0.0 4.823015740067335 0.0 4.84
168.29974099999973 0.0 146.24666541107754 0.0 4.871904523707166 0.0 4.84
168.35423799999973 0.0 146.2363901276469 0.0 4.850275283430645 0.0 4.84
168.40807199999972 0.0 146.19756376346385 0.0 4.878826364183056 0.0 4.84
168.4643269999997 0.0 146.1802779045645 0.0 4.857285858899342 0.0 4.84
168.5188579999997 0.0 146.17126764224838 0.0 4.8490102623161 0.0 4.84
168.5731889999997 0.0 146.14440749584284 0.0 4.866860146405538 0.0 4.84
168.6270399999997 0.0 146.1293879544427 0.0 4.85501954140013 0.0 4.84
168.6811439999997 0.0 146.1379578554238 0.0 4.831430099018902 0.0 4.84
168.7355699999997 0.0 146.1477929577181 0.0 4.830164897705676 0.0 4.84
168.7899689999997 0.0 146.17991811043825 0.0 4.807874847279871 0.0 4.84
168.84478599999971 0.0 146.21108137326138 0.0 4.80883673717687 0.0 4.84
168.89888399999973 0.0 146.28117736915883 0.0 4.7699040041025595 0.0 4.84
168.95313199999973 0.0 146.32644417312235 0.0 4.794733196036481 0.0 4.84
169.00799999999973 0.0 146.40316264599 0.0 4.7632815271323725 0.0 4.84
169.06195499999973 0.0 146.41972503764146 0.0 4.823437608348551 0.0 4.84
169.11599599999974 0.0 146.46082652590644 0.0 4.798898511735016 0.0 4.84
169.17043999999973 0.0 146.51894968637066 0.0 4.78187683953577 0.0 4.84
169.22581799999972 0.0 146.55552295097377 0.0 4.803426735396892 0.0 4.84
169.2799249999997 0.0 146.60425106416739 0.0 4.791271886806375 0.0 4.84
169.3381929999997 0.0 146.6485849214077 0.0 4.795666142759709 0.0 4.84
169.3925629999997 0.0 146.66844183643445 0.0 4.820143084973227 0.0 4.84
169.45897699999972 0.0 147.18471555113177 0.0 4.323726285302692 0.0 4.84
169.51596199999972 0.0 146.598391940407 0.0 5.426323610724772 0.0 4.84
169.5703939999997 0.0 146.56293920035054 0.0 4.875452740056457 0.0 4.84
169.6268969999997 0.0 146.534715931428 0.0 4.868223268922549 0.0 4.84
169.6808999999997 0.0 146.49339445999448 0.0 4.881321471433522 0.0 4.84
169.73484899999968 0.0 146.49163944894997 0.0 4.841755011044503 0.0 4.84
169.7887699999997 0.0 146.44467375972712 0.0 4.886965689222846 0.0 4.84
169.8427679999997 0.0 146.43132401473667 0.0 4.853349744990451 0.0 4.84
169.9005959999997 0.0 146.40267461206687 0.0 4.868649402669798 0.0 4.84
169.9553919999997 0.0 146.41448882561863 0.0 4.828185786448251 0.0 4.84
170.0099589999997 0.0 146.29067066795847 0.0 4.903823792608333 0.0 4.84
170.0674249999997 0.0 146.69049630135729 0.0 4.633904312681015 0.0 4.84
170.1213879999997 0.0 146.23431181745218 0.0 5.075146641188193 0.0 4.84
170.1773399999997 0.0 146.66860653593847 0.0 4.616136743048305 0.0 4.84
170.2318499999997 0.0 146.40852221574465 0.0 4.9740640825741345 0.0 4.84
170.2886549999997 0.0 146.4416542023329 0.0 4.822921656397814 0.0 4.84
170.3424209999997 0.0 146.47896527658693 0.0 4.820767487497915 0.0 4.84
170.3990979999997 0.0 146.5582777019848 0.0 4.799117306495942 0.0 4.84
170.45309199999969 0.0 146.64895848703404 0.0 4.804852408895642 0.0 4.84
170.5077629999997 0.0 146.69445730416044 0.0 4.824310752715033 0.0 4.84
170.5620319999997 0.0 146.79899084456136 0.0 4.810553932281429 0.0 4.84
170.6162989999997 0.0 146.96976968036884 0.0 4.799241327969573 0.0 4.84
170.6702129999997 0.0 147.14647549117495 0.0 4.805754687828273 0.0 4.84
170.7243369999997 0.0 147.1837971763865 0.0 4.833189473501542 0.0 4.84
170.7790109999997 0.0 147.42815820035705 0.0 4.8021145699270456 0.0 4.84
170.8332589999997 0.0 146.72902018920075 0.0 4.94327001641895 0.0 4.84
170.8908329999997 0.0 146.57576677247494 0.0 4.862637136887124 0.0 4.84
170.9465759999997 0.0 146.52114894901857 0.0 4.8476926511910365 0.0 4.84
171.0009959999997 0.0 145.8838926580902 0.0 4.925883597160158 0.0 4.84
171.0556129999997 0.0 145.5265995946521 0.0 4.886161894501044 0.0 4.84
171.1111949999997 0.0 146.0730333919453 0.0 4.769401318179176 0.0 4.84
171.16544899999968 0.0 144.91529979898053 0.0 4.98957798358718 0.0 4.84
171.21978999999968 0.0 144.92656075421985 0.0 4.838602859151448 0.0 4.84
171.27375499999968 0.0 144.96116476503332 0.0 4.835875564861326 0.0 4.84
171.32988899999967 0.0 145.98788029875934 0.0 4.730190852007912 0.0 4.84
171.38480899999968 0.0 145.85270493068697 0.0 4.853964397528138 0.0 4.84
171.43909599999967 0.0 146.22160207255766 0.0 4.80189079112906 0.0 4.84
171.49302699999967 0.0 146.85490062174773 0.0 4.776670145080994 0.0 4.84
171.55404099999967 0.0 147.59351729084176 0.0 4.766138333090596 0.0 4.84
171.60873499999968 0.0 148.16531912215828 0.0 4.782819816868348 0.0 4.84
171.66384099999968 0.0 147.91969335410113 0.0 4.864562576805716 0.0 4.84
171.7186249999997 0.0 147.8959351302559 0.0 4.842375822384523 0.0 4.84
171.77471399999968 0.0 148.3403846581081 0.0 4.7955550472147825 0.0 4.84
171.82836799999967 0.0 147.13374138109393 0.0 4.953299838217292 0.0 4.84
171.88197899999966 0.0 147.2212674993774 0.0 4.83202132012001 0.0 4.84
171.93555699999965 0.0 147.03016873317796 0.0 4.855587175057051 0.0 4.84
171.98965699999965 0.0 146.5642769093866 0.0 4.876115645255144 0.0 4.84
172.04316299999965 0.0 146.29533420454737 0.0 4.860328246775452 0.0 4.84
172.09969499999966 0.0 145.68949954515364 0.0 4.882694479167986 0.0 4.84
172.15425399999967 0.0 145.53732114253071 0.0 4.850038153207317 0.0 4.84
172.21187599999968 0.0 145.82827595696287 0.0 4.821961883792178 0.0 4.84
172.26797999999968 0.0 145.38877786679794 0.0 4.865229511490524 0.0 4.84
172.3307929999997 0.0 148.9532815369743 0.0 4.6494867092369665 0.0 4.84
172.38489899999968 0.0 143.54778817993991 0.0 5.119353661862242 0.0 4.84
172.44192099999967 0.0 143.97044614205538 0.0 4.818867101894226 0.0 4.84
172.50054199999965 0.0 143.75891725128895 0.0 4.850243529819198 0.0 4.84
172.55725599999965 0.0 145.51418059307795 0.0 4.75877541222633 0.0 4.84
172.61185399999965 0.0 147.2105012670886 0.0 4.7648750808675535 0.0 4.84
172.66930499999964 0.0 151.84503182586658 0.0 4.6376187528917905 0.0 4.84
172.72266599999963 0.0 147.86913927432067 0.0 5.0065644135545 0.0 4.84
172.77890799999963 0.0 147.6872564384978 0.0 4.847322175355188 0.0 4.84
172.83305699999963 0.0 147.76241695948474 0.0 4.83715839240125 0.0 4.84
172.88893999999962 0.0 147.520614389121 0.0 4.848422242088601 0.0 4.84
172.94278899999964 0.0 148.51230920979077 0.0 4.806211420079395 0.0 4.84
172.99615999999963 0.0 146.96747511394426 0.0 4.89149446986155 0.0 4.84
173.04972999999964 0.0 146.55868665472403 0.0 4.853626281974008 0.0 4.84
173.10413699999964 0.0 146.06262238291313 0.0 4.856535475727029 0.0 4.84
173.15880599999963 0.0 149.76538601817543 0.0 4.716574545491256 0.0 4.84
173.21275099999963 0.0 146.76788955751772 0.0 4.93991654868859 0.0 4.84
173.26687799999962 0.0 146.31564858944833 0.0 4.855074698935646 0.0 4.84
173.32116599999964 0.0 146.50740242657687 0.0 4.833608205429049 0.0 4.84
173.37618099999963 0.0 145.8691420513702 0.0 4.861275345840222 0.0 4.84
173.43490999999963 0.0 155.62966888803285 0.0 4.514649105444578 0.0 4.84
173.49236899999963 0.0 142.61331001829396 0.0 5.273878628991296 0.0 4.84
173.54667299999963 0.0 139.29718009966683 0.0 4.950537663954237 0.0 4.84
173.60041699999962 0.0 138.20856395833326 0.0 4.876287204711119 0.0 4.84
173.65447999999964 0.0 140.16557338778796 0.0 4.774766352351509 0.0 4.84
173.70918099999963 0.0 143.05675039778905 0.0 4.743627432999964 0.0 4.84
173.76251799999963 0.0 146.73293479122984 0.0 4.71746052021864 0.0 4.84
173.81615299999964 0.0 150.25647050563788 0.0 4.722548809519732 0.0 4.84
173.86959899999965 0.0 150.99059016215216 0.0 4.815529344782857 0.0 4.84
173.92319099999966 0.0 150.66842453366584 0.0 4.850738854282877 0.0 4.84
173.97676999999968 0.0 148.1625007155823 0.0 4.923530793936118 0.0 4.84
174.03043599999967 0.0 146.4322703224603 0.0 4.897674346437399 0.0 4.84
174.08418099999966 0.0 145.23928538443457 0.0 4.879766164600858 0.0 4.84
174.13857599999966 0.0 145.21368159248328 0.0 4.84085345973171 0.0 4.84
174.19286199999965 0.0 145.40009304866044 0.0 4.833786284794095 0.0 4.84
174.24686699999964 0.0 146.856893985665 0.0 4.791439968766515 0.0 4.84
174.30115199999963 0.0 147.994862828979 0.0 4.802067705222867 0.0 4.84
174.35578399999963 0.0 147.6510968198185 0.0 4.851458866972017 0.0 4.84
174.40967199999963 0.0 147.94135472228334 0.0 4.830324736584505 0.0 4.84
174.46336999999963 0.0 147.47771252444934 0.0 4.8554547399278 0.0 4.84
174.51751799999963 0.0 149.2875529101393 0.0 4.779671987143668 0.0 4.84
174.57243999999963 0.0 148.58573555549347 0.0 4.863393911821528 0.0 4.84
174.62674199999964 0.0 144.5221900827362 0.0 4.975451515758576 0.0 4.84
174.68071899999964 0.0 143.371953532665 0.0 4.878341218335706 0.0 4.84
174.73508899999965 0.0 142.03572222869303 0.0 4.884541043465732 0.0 4.84
174.79244499999965 0.0 141.40423854768318 0.0 4.861049456033662 0.0 4.84
174.84797099999963 0.0 142.7041331128525 0.0 4.796670181161022 0.0 4.84
174.90242899999964 0.0 145.25094983415272 0.0 4.755106109289993 0.0 4.84
174.96057699999963 0.0 150.24333030441545 0.0 4.673587317657908 0.0 4.84
175.01490899999962 0.0 147.26857242480088 0.0 4.939158595987152 0.0 4.84
175.0688559999996 0.0 146.91714038762188 0.0 4.8517144012393 0.0 4.84
175.12522899999962 0.0 149.17946752812938 0.0 4.764589095316417 0.0 4.84
175.17939999999962 0.0 143.53310459229945 0.0 5.028212097860997 0.0 4.84
175.2328529999996 0.0 142.72484518765987 0.0 4.866941980154653 0.0 4.84
175.2895789999996 0.0 143.5430098250656 0.0 4.812727845419809 0.0 4.84
175.3457159999996 0.0 151.50987175115984 0.0 4.574437935796859 0.0 4.84
175.3998889999996 0.0 147.94084789228617 0.0 4.958967461962455 0.0 4.84
175.45557399999961 0.0 153.88937835820113 0.0 4.641715651136168 0.0 4.84
175.50923199999963 0.0 147.2567146208125 0.0 5.061088791246288 0.0 4.84
175.56438799999964 0.0 145.7651475696166 0.0 4.889718901706529 0.0 4.84
175.61879499999964 0.0 144.23765354529152 0.0 4.890916467477503 0.0 4.84
175.67496199999962 0.0 146.20630140754417 0.0 4.7743784045915785 0.0 4.84
175.72876199999962 0.0 144.70830454378515 0.0 4.889933228791968 0.0 4.84
175.7838569999996 0.0 146.34502293831594 0.0 4.785442720182307 0.0 4.84
175.8408529999996 0.0 146.8373261048162 0.0 4.823589894449991 0.0 4.84
175.90251799999962 0.0 147.45923023733457 0.0 4.819269862249389 0.0 4.84
175.9570269999996 0.0 146.57586411795643 0.0 4.869445537312605 0.0 4.84
176.0140379999996 0.0 152.98691470730745 0.0 4.626298313688299 0.0 4.84
176.0688929999996 0.0 142.21783382096038 0.0 5.198969362878236 0.0 4.84
176.1227299999996 0.0 140.58011426270951 0.0 4.894590651941695 0.0 4.84
176.1765599999996 0.0 139.32425606321684 0.0 4.881861939983089 0.0 4.84
176.2305489999996 0.0 141.191536256941 0.0 4.777757326875862 0.0 4.84
176.2846639999996 0.0 143.57867609190558 0.0 4.760428672167847 0.0 4.84
176.33852399999958 0.0 146.14456522900198 0.0 4.754470362096787 0.0 4.84
176.3930289999996 0.0 148.94638950203236 0.0 4.746605857565654 0.0 4.84
176.4478179999996 0.0 150.67422376618683 0.0 4.782405524528184 0.0 4.84
176.50277599999959 0.0 150.77488639965406 0.0 4.8366445788844254 0.0 4.84
176.5570559999996 0.0 147.55214257670673 0.0 4.947424794098245 0.0 4.84
176.6106919999996 0.0 145.57876781593362 0.0 4.905779158692437 0.0 4.84
176.6646729999996 0.0 145.69219030663544 0.0 4.836219250309939 0.0 4.84
176.7190199999996 0.0 146.2002241760593 0.0 4.8230655376858715 0.0 4.84
176.7740469999996 0.0 146.822767349261 0.0 4.819248560893277 0.0 4.84
176.8286639999996 0.0 147.94070731497158 0.0 4.8027353344763135 0.0 4.84
176.8833679999996 0.0 151.39205856889222 0.0 4.724954958202645 0.0 4.84
176.9373479999996 0.0 148.09080981844687 0.0 4.950041625014845 0.0 4.84
176.99145299999958 0.0 147.04745347706424 0.0 4.874778544712754 0.0 4.84
177.05081499999957 0.0 145.33264041721947 0.0 4.897160435328159 0.0 4.84
177.10663299999956 0.0 145.21993419599994 0.0 4.8437568740406505 0.0 4.84
177.16116199999956 0.0 145.92063740561463 0.0 4.8166432263461765 0.0 4.84
177.21551199999956 0.0 145.880690235995 0.0 4.841331572320654 0.0 4.84
177.26903899999957 0.0 145.32804773484568 0.0 4.858421416704977 0.0 4.84
177.32495799999955 0.0 151.2674615088203 0.0 4.642019540867512 0.0 4.84
177.37914999999956 0.0 144.21920192217777 0.0 5.074941986221417 0.0 4.84
177.43624399999956 0.0 142.61608168553138 0.0 4.893437341221547 0.0 4.84
177.49098099999955 0.0 141.6051579783183 0.0 4.873697456907103 0.0 4.84
177.54773299999954 0.0 142.97119719798815 0.0 4.794465359344338 0.0 4.84
177.60172699999953 0.0 144.31876623171706 0.0 4.795081032209036 0.0 4.84
177.65888799999954 0.0 147.8970877363875 0.0 4.720722616510985 0.0 4.84
177.71675299999953 0.0 149.44357919653208 0.0 4.788450284661847 0.0 4.84
177.77059899999952 0.0 150.07508893957834 0.0 4.818949675231791 0.0 4.84
177.82707399999953 0.0 149.35980958182364 0.0 4.86384264525849 0.0 4.84
177.89275099999952 0.0 146.939018868112 0.0 4.920693023790388 0.0 4.84
177.94669799999951 0.0 146.29419013816974 0.0 4.861494290998075 0.0 4.84
178.0008919999995 0.0 145.67685772018302 0.0 4.860577747266223 0.0 4.84
178.0566719999995 0.0 145.3619737931412 0.0 4.850496130901393 0.0 4.84
178.1105259999995 0.0 146.8432322508302 0.0 4.790624718077034 0.0 4.84
178.1644279999995 0.0 147.6783268376962 0.0 4.812163513771133 0.0 4.84
178.2192239999995 0.0 149.3982300076387 0.0 4.782669894335251 0.0 4.84
178.27348199999952 0.0 147.33520419809156 0.0 4.908767526984904 0.0 4.84
178.32918899999953 0.0 151.22068954661208 0.0 4.710483821715982 0.0 4.84
178.38299299999954 0.0 145.48141146977454 0.0 5.0313092692279175 0.0 4.84
178.43816999999953 0.0 145.11486600819563 0.0 4.8522181820526304 0.0 4.84
178.49309999999954 0.0 143.70083469721075 0.0 4.8871343770328295 0.0 4.84
178.54884199999955 0.0 142.84792161145072 0.0 4.868430436192001 0.0 4.84
178.60384199999956 0.0 143.7395934182407 0.0 4.810277606440334 0.0 4.84
178.65831299999957 0.0 144.8147525540909 0.0 4.804161362138327 0.0 4.84
178.71319399999956 0.0 146.6257860102454 0.0 4.7796322181281825 0.0 4.84
178.76702699999956 0.0 147.32929989983788 0.0 4.816549537013584 0.0 4.84
178.82086699999957 0.0 147.22311200723237 0.0 4.843539596420183 0.0 4.84
178.87481199999957 0.0 146.86628368005293 0.0 4.851894277572648 0.0 4.84
178.93176299999956 0.0 146.63787283058005 0.0 4.847613694982429 0.0 4.84
178.98530199999956 0.0 144.02159512182385 0.0 4.92720925695854 0.0 4.84
179.03870599999956 0.0 143.96850779123614 0.0 4.841769577686257 0.0 4.84
179.09256499999955 0.0 145.0089362656664 0.0 4.805319050852325 0.0 4.84
179.14735699999954 0.0 146.84967033438306 0.0 4.778642197709444 0.0 4.84
179.20556999999954 0.0 147.54940076982714 0.0 4.816675652151864 0.0 4.84
179.25966699999955 0.0 149.54324157407558 0.0 4.773538639858385 0.0 4.84
179.31413899999956 0.0 149.32669400391015 0.0 4.847218252338847 0.0 4.84
179.36843799999954 0.0 148.64684024523962 0.0 4.862661791955684 0.0 4.84
179.42334299999953 0.0 148.3191605371182 0.0 4.850922656937381 0.0 4.84
179.47763499999954 0.0 146.08332784795007 0.0 4.914527756305604 0.0 4.84
179.53197799999953 0.0 144.75372506928156 0.0 4.884320092622284 0.0 4.84
179.5866479999995 0.0 145.69550956396102 0.0 4.808607183510684 0.0 4.84
179.64106099999952 0.0 145.18906687131397 0.0 4.856881423088235 0.0 4.84
179.69484899999952 0.0 147.18950982036844 0.0 4.773318568364851 0.0 4.84
179.74989799999952 0.0 149.59497243547062 0.0 4.759817912829927 0.0 4.84
179.8055569999995 0.0 147.82625738510345 0.0 4.898957168345572 0.0 4.84
179.8592759999995 0.0 146.4820613336139 0.0 4.884806535049651 0.0 4.84
179.9151059999995 0.0 145.8593588219457 0.0 4.86075675038894 0.0 4.84
179.9688269999995 0.0 144.1724182610543 0.0 4.896231352029713 0.0 4.84
180.0255709999995 0.0 144.32636722589532 0.0 4.834868367838633 0.0 4.84
180.0796029999995 0.0 143.88434263134423 0.0 4.854734153151703 0.0 4.84
180.1343569999995 0.0 145.1262765634752 0.0 4.798602202262301 0.0 4.84
180.1881559999995 0.0 145.28379264077012 0.0 4.834749464090169 0.0 4.84
180.2422349999995 0.0 145.95281630716693 0.0 4.8176992111201065 0.0 4.84
180.29752699999952 0.0 147.34635199745745 0.0 4.793548810323649 0.0 4.84
180.35262699999953 0.0 146.72415465207234 0.0 4.8607399115128365 0.0 4.84
180.40825399999952 0.0 149.9149375764941 0.0 4.733640569185941 0.0 4.84
180.4619099999995 0.0 145.877871392703 0.0 4.974568872793037 0.0 4.84
180.5157869999995 0.0 145.25720958329515 0.0 4.860688726980262 0.0 4.84
180.5699009999995 0.0 145.40814077831834 0.0 4.834968960165893 0.0 4.84
180.6248899999995 0.0 148.2596374715906 0.0 4.744950110224258 0.0 4.84
180.6791869999995 0.0 146.62039247478933 0.0 4.894641499893376 0.0 4.84
180.7334219999995 0.0 147.36024062954903 0.0 4.815338394841343 0.0 4.84
180.78749599999952 0.0 148.09572946061098 0.0 4.815483705631268 0.0 4.84
180.84132299999953 0.0 147.84752046266863 0.0 4.848273633264745 0.0 4.84
180.89520899999954 0.0 148.0789947426457 0.0 4.832284190667431 0.0 4.84
180.94866699999955 0.0 147.98421832764998 0.0 4.84315921383319 0.0 4.84
181.00244999999956 0.0 148.5266455968585 0.0 4.821919091026383 0.0 4.84
181.05730499999956 0.0 149.82379027521364 0.0 4.796761844054828 0.0 4.84
181.11180199999956 0.0 146.74319151774765 0.0 4.942686625248866 0.0 4.84
181.16830799999957 0.0 146.4390019529666 0.0 4.850139652159368 0.0 4.84
181.22232599999958 0.0 144.20116454321848 0.0 4.914594580324938 0.0 4.84
181.2777419999996 0.0 143.83925432776238 0.0 4.852063673848537 0.0 4.84
181.3315049999996 0.0 143.57848462851382 0.0 4.848692323308285 0.0 4.84
181.3906179999996 0.0 154.8030260687476 0.0 4.465848618658874 0.0 4.84
181.4453699999996 0.0 143.3200502797715 0.0 5.2227658596325375 0.0 4.84
181.4992789999996 0.0 141.58484133057837 0.0 4.897840298306437 0.0 4.84
181.55424299999962 0.0 141.25630194541804 0.0 4.850951312838677 0.0 4.84
181.60805099999962 0.0 142.9088510898739 0.0 4.784915028518138 0.0 4.84
181.66352099999963 0.0 146.63154061729549 0.0 4.715910349085947 0.0 4.84
181.72321099999962 0.0 148.54445505483295 0.0 4.776236185415418 0.0 4.84
181.77829499999962 0.0 150.04801707560688 0.0 4.789881265974202 0.0 4.84
181.83253199999962 0.0 150.6340133564087 0.0 4.820466790639939 0.0 4.84
181.88660699999963 0.0 148.87090041296563 0.0 4.898770431448103 0.0 4.84
181.94056099999963 0.0 148.08497981605458 0.0 4.866197353230368 0.0 4.84
181.99677799999964 0.0 147.13516488546145 0.0 4.871660497686437 0.0 4.84
182.05065999999962 0.0 146.04735171074446 0.0 4.876260439157233 0.0 4.84
182.1045749999996 0.0 146.30342568373277 0.0 4.83146420090039 0.0 4.84
182.1593429999996 0.0 146.71516312834285 0.0 4.8262754185129975 0.0 4.84
182.2160259999996 0.0 148.48996858963267 0.0 4.780839817957006 0.0 4.84
182.2698269999996 0.0 148.01100109602123 0.0 4.855965583120381 0.0 4.84
182.3247159999996 0.0 147.5884710959923 0.0 4.854084333334297 0.0 4.84
182.3788069999996 0.0 147.75753032734792 0.0 4.834364692288146 0.0 4.84
182.4342399999996 0.0 146.53175100004486 0.0 4.880859310910102 0.0 4.84
182.4887469999996 0.0 145.59022791863578 0.0 4.871384102713636 0.0 4.84
182.54517199999958 0.0 144.4141345573442 0.0 4.879203112043053 0.0 4.84
182.6052689999996 0.0 144.73555228414259 0.0 4.829286075773387 0.0 4.84
182.6591859999996 0.0 146.19792984947907 0.0 4.791254081155451 0.0 4.84
182.71595099999962 0.0 147.36877422906838 0.0 4.80097185401369 0.0 4.84
182.77001399999963 0.0 146.85057033205325 0.0 4.857273463233837 0.0 4.84
182.82595899999964 0.0 146.9905769805151 0.0 4.835333111717938 0.0 4.84
182.88036999999963 0.0 24.12256315880026 0.0 4.845600460723828 0.0 0.75
182.93537999999964 0.0 -194.2506147916709 0.0 4.049105931682372 0.0 -3.23
182.98921299999964 0.0 -255.0 0.0 0.22897766019468943 0.0 -3.23
183.04319899999965 0.0 -255.0 0.0 -2.995814981691545 0.0 -3.23
183.09839899999966 0.0 -229.0723814826161 0.0 -4.094253950579463 0.0 -3.23
183.15283899999966 0.0 -179.30739866152786 0.0 -4.888832760702941 0.0 -3.23
183.20770299999967 0.0 -112.78931593662753 0.0 -5.447269424163344 0.0 -3.23
183.26132999999967 0.0 -51.91959725548592 0.0 -5.2589906227047205 0.0 -3.23
183.31550299999967 0.0 -33.27857711870669 0.0 -3.8513673378926407 0.0 -3.23
183.36986299999967 0.0 -64.55998530291461 0.0 -2.187286393859736 0.0 -3.23
183.42415999999966 0.0 -119.03269217173272 0.0 -1.4142431043727295 0.0 -3.23
183.47817399999965 0.0 -154.47573104038068 0.0 -2.048565371045068 0.0 -3.23
183.53163999999964 0.0 -143.08030718355283 0.0 -3.6098474618942618 0.0 -3.23
183.58528999999965 0.0 -105.71897675773234 0.0 -4.475377680860683 0.0 -3.23
183.63978899999964 0.0 -72.98382332224621 0.0 -4.321171781182871 0.0 -3.23
183.69498199999964 0.0 -69.46107443431566 0.0 -3.347424962931018 0.0 -3.23
183.74969199999964 0.0 -92.0623145911635 0.0 -2.4766253281050723 0.0 -3.23
183.80409299999965 0.0 -121.30364019923823 0.0 -2.2552891463975087 0.0 -3.23
183.85833499999964 0.0 -138.86028783050332 0.0 -2.6447784122911635 0.0 -3.23
183.91409799999965 0.0 -135.77055593768665 0.0 -3.3329910630938895 0.0 -3.23
183.96911099999966 0.0 -120.85541444430444 0.0 -3.72717138311274 0.0 -3.23
184.02291099999965 0.0 -99.32720476103644 0.0 -3.9476069894422667 0.0 -3.23
184.07860799999966 0.0 -88.70452000360461 0.0 -3.584089491914394 0.0 -3.23
184.13298799999967 0.0 -88.62844486871899 0.0 -3.232535837829521 0.0 -3.23
184.18696099999968 0.0 -98.03171016479618 0.0 -2.9165578234640934 0.0 -3.23
184.24087399999968 0.0 -112.67544947708308 0.0 -2.741875356257103 0.0 -3.23
184.2955129999997 0.0 -124.67262890832154 0.0 -2.830094018958718 0.0 -3.23
184.3512239999997 0.0 -127.8432279015937 0.0 -3.1243133668909278 0.0 -3.23
184.40531899999968 0.0 -122.84072426907416 0.0 -3.396750121083985 0.0 -3.23
184.45997099999968 0.0 -111.82078653901004 0.0 -3.5973312576688037 0.0 -3.23
184.5147679999997 0.0 -100.66627999301454 0.0 -3.601816884866517 0.0 -3.23
184.5718959999997 0.0 -93.89554598168023 0.0 -3.455691133711144 0.0 -3.23
184.6261149999997 0.0 -93.58458356928054 0.0 -3.240365413746656 0.0 -3.23
184.6803589999997 0.0 -100.26833748478964 0.0 -3.007208202816363 0.0 -3.23
184.7367299999997 0.0 -110.48377333630602 0.0 -2.889485471616121 0.0 -3.23
184.7908109999997 0.0 -119.15715449185213 0.0 -2.9408872948151297 0.0 -3.23
184.8447189999997 0.0 -123.06319187609647 0.0 -3.099798753858522 0.0 -3.23
184.9031919999997 0.0 -122.07298867814212 0.0 -3.2630067732651447 0.0 -3.23
184.9573949999997 0.0 -111.64567870448049 0.0 -3.5775769991220545 0.0 -3.23
185.0136259999997 0.0 -106.49658077664901 0.0 -3.4016365975943823 0.0 -3.23
185.0683099999997 0.0 -94.5135905899673 0.0 -3.629433006222724 0.0 -3.23
185.12260999999972 0.0 -94.08264869265963 0.0 -3.2443647299102554 0.0 -3.23
185.17678299999972 0.0 -99.21386143459705 0.0 -3.058959575268753 0.0 -3.23
185.2308989999997 0.0 -108.23678437157663 0.0 -2.9292359021006806 0.0 -3.23
185.28795899999972 0.0 -117.50677280300252 0.0 -2.921000385619137 0.0 -3.23
185.34226399999972 0.0 -121.77468910033711 0.0 -3.08773612342218 0.0 -3.23
185.39834399999972 0.0 -123.79161884376481 0.0 -3.1627690085524103 0.0 -3.23
185.45985099999973 0.0 -113.19599157330009 0.0 -3.583187575682157 0.0 -3.23
185.51487899999972 0.0 -103.64561522556941 0.0 -3.548345878257689 0.0 -3.23
185.56938699999972 0.0 -97.69934926626908 0.0 -3.428208865310011 0.0 -3.23
185.62688599999973 0.0 -96.5774513153491 0.0 -3.2673965983639994 0.0 -3.23
185.68158499999973 0.0 -101.24954441651818 0.0 -3.074263563294364 0.0 -3.23
185.73491899999973 0.0 -109.55054458579093 0.0 -2.953299994357575 0.0 -3.23
185.78895099999974 0.0 -117.26511025279557 0.0 -2.9728478110998453 0.0 -3.23
185.84291799999974 0.0 -120.01967481217592 0.0 -3.138181181353988 0.0 -3.23
185.89665999999974 0.0 -118.31040982371785 0.0 -3.286975499615269 0.0 -3.23
185.95071199999975 0.0 -111.94905022308328 0.0 -3.4420453200211525 0.0 -3.23
186.00475599999976 0.0 -104.37430016627617 0.0 -3.482491668560237 0.0 -3.23
186.05850299999975 0.0 -99.40806388075725 0.0 -3.395541209517297 0.0 -3.23
186.11271399999976 0.0 -99.5870640750965 0.0 -3.2240333268553583 0.0 -3.23
186.17009599999975 0.0 -104.08287959552285 0.0 -3.080139482652455 0.0 -3.23
186.22796199999974 0.0 -109.99809437719887 0.0 -3.032826173944133 0.0 -3.23
186.28200499999974 0.0 -115.36118383642614 0.0 -3.051230351359091 0.0 -3.23
186.33583299999975 0.0 -116.7499182281046 0.0 -3.183708853610718 0.0 -3.23
186.38987999999975 0.0 -114.71856712326606 0.0 -3.297711703494618 0.0 -3.23
186.44377099999974 0.0 -110.69202713193138 0.0 -3.3642179997111556 0.0 -3.23
186.49744399999975 0.0 -106.38960357297132 0.0 -3.373414118632002 0.0 -3.23
186.55488299999973 0.0 -103.28649740513667 0.0 -3.333436872261155 0.0 -3.23
186.60873099999972 0.0 -103.50824030921267 0.0 -3.2226085698641334 0.0 -3.23
186.66397699999973 0.0 -112.47642645660224 0.0 -3.1410604617536806 0.0 -3.44
186.71830099999974 0.0 -255.0 0.0 -3.1722985255973706 0.0 -10.0
186.77203499999973 0.0 -255.0 0.0 -3.9238923612640755 0.0 -10.0
186.82609499999973 0.0 -255.0 0.0 -5.116611972914556 0.0 -10.0
186.88019299999974 0.0 -255.0 0.0 -5.9091840496921115 0.0 -10.0
186.93488199999973 0.0 -255.0 0.0 -6.60745488183649 0.0 -10.0
186.98891599999973 0.0 -255.0 0.0 -7.371928104092571 0.0 -10.0
187.04345699999973 0.0 -255.0 0.0 -8.007798238369498 0.0 -10.0
187.09817199999972 0.0 -255.0 0.0 -8.674847638645108 0.0 -10.0
187.15186499999973 0.0 -255.0 0.0 -9.301795151152806 0.0 -10.0
187.20527899999973 0.0 -255.0 0.0 -9.75715426235758 0.0 -10.0
187.25988199999972 0.0 -255.0 0.0 -9.800302960201785 0.0 -10.0
187.31579399999973 0.0 -255.0 0.0 -9.940587026559328 0.0 -10.0
187.37032999999974 0.0 -255.0 0.0 -9.8396069235204 0.0 -10.0
187.42446499999974 0.0 -255.0 0.0 -9.975398424145315 0.0 -10.0
187.48848499999974 0.0 -255.0 0.0 -9.954508869663247 0.0 -10.0
187.54427099999975 0.0 -255.0 0.0 -9.908873503960574 0.0 -10.0
187.59886499999976 0.0 -255.0 0.0 -9.956542366211742 0.0 -10.0
187.65377999999976 0.0 -255.0 0.0 -9.895722192499402 0.0 -10.0
187.70821199999975 0.0 -255.0 0.0 -9.899821350900831 0.0 -10.0
187.76500199999975 0.0 -255.0 0.0 -9.958349020827303 0.0 -10.0
187.81947899999975 0.0 -255.0 0.0 -9.76662251504741 0.0 -10.0
187.87903599999976 0.0 -253.33818159403526 0.0 -10.055393946865491 0.0 -10.0
187.93302999999975 0.0 -255.0 0.0 -9.81756864912454 0.0 -10.0
187.98782599999976 0.0 -255.0 0.0 -9.944347121072983 0.0 -10.0
188.04290599999976 0.0 -255.0 0.0 -9.851274673358207 0.0 -10.0
188.09680999999975 0.0 -253.65478011481673 0.0 -10.044840662839443 0.0 -10.0
188.15045599999974 0.0 -255.0 0.0 -9.903606658582612 0.0 -10.0
188.20527499999974 0.0 -255.0 0.0 -9.875429405798318 0.0 -10.0
188.25891399999975 0.0 -255.0 0.0 -9.938878170321429 0.0 -10.0
188.31497399999975 0.0 -255.0 0.0 -9.907499034178159 0.0 -10.0
188.37096199999976 0.0 -218.25589891660948 0.0 -9.934803369446351 0.0 -8.71
188.43092799999977 0.0 -61.00557191806831 0.0 -9.651677566618039 0.0 -4.41
188.48500799999977 0.0 68.05407802519417 0.0 -8.601988331442083 0.0 -4.3
188.53897399999977 0.0 31.494823696804318 0.0 -3.081358189053671 0.0 -4.3
188.59757199999976 0.0 -111.37897797225897 0.0 0.4624600556354432 0.0 -4.3
188.65369399999975 0.0 -231.91819358227025 0.0 -0.2820261463329567 0.0 -4.3
188.70847699999973 0.0 -255.0 0.0 -3.100192692629604 0.0 -4.3
188.76384299999972 0.0 -249.22194290554484 0.0 -4.492601903148505 0.0 -4.3
188.82145199999974 0.0 -220.4175414353522 0.0 -5.260146715673088 0.0 -4.3
188.87631299999973 0.0 -169.88649582273757 0.0 -5.984368187087154 0.0 -4.3
188.93018199999972 0.0 -108.49015178154819 0.0 -6.346544801372979 0.0 -4.3
188.9842989999997 0.0 -71.49727598647415 0.0 -5.533095859835801 0.0 -4.3
189.0389969999997 0.0 -79.1467019307663 0.0 -4.045019135190262 0.0 -4.3
189.0988399999997 0.0 -119.71088434112741 0.0 -2.9478605863212963 0.0 -4.3
189.15300599999972 0.0 -164.95274274387785 0.0 -2.791938053241652 0.0 -4.3
189.20802599999973 0.0 -183.43328788301835 0.0 -3.683981828695316 0.0 -4.3
189.26454499999974 0.0 -155.45525642969233 0.0 -5.2326010484442005 0.0 -4.3
189.31855099999973 0.0 -112.92576985177105 0.0 -5.717649552597376 0.0 -4.3
189.37258399999973 0.0 -86.38009026395355 0.0 -5.184855986260583 0.0 -4.3
189.42655999999974 0.0 -94.51228225279233 0.0 -4.028926933705374 0.0 -4.3
189.48005199999974 0.0 -126.35200774988027 0.0 -3.238675816763735 0.0 -4.3
189.53370699999974 0.0 -159.2109738490729 0.0 -3.204701130026913 0.0 -4.3
189.58707599999974 0.0 -168.42193635654576 0.0 -3.992967916417571 0.0 -4.3
189.64442199999974 0.0 -151.916303628409 0.0 -4.850187757604559 0.0 -4.3
189.69849999999974 0.0 -116.905734359698 0.0 -5.4670189756236995 0.0 -4.3
189.75451799999973 0.0 -96.71947117616688 0.0 -4.9728754394510375 0.0 -4.3
189.80953699999972 0.0 -110.01976577684198 0.0 -3.856656846644163 0.0 -4.3
189.8658169999997 0.0 -135.60221109845597 0.0 -3.447251822612867 0.0 -4.3
189.92142399999972 0.0 -161.7961009935945 0.0 -3.426870336828715 0.0 -4.3
189.98182999999972 0.0 -165.85790188078357 0.0 -4.164606637093698 0.0 -4.3
190.03527499999973 0.0 -137.62783718305786 0.0 -5.241002156590857 0.0 -4.3
190.08872199999973 0.0 -109.59210971510242 0.0 -5.234524248931848 0.0 -4.3
190.14497899999972 0.0 -91.48953973728541 0.0 -4.693418999260567 0.0 -4.09
190.19905799999972 0.0 -87.24986309876249 0.0 -3.6913225546174306 0.0 -3.55
190.25492199999974 0.0 -34.09986805052755 0.0 -3.0616665016078315 0.0 -1.29
190.31172099999975 0.0 39.5249471484708 0.0 -2.3441605066332785 0.0 0.11
190.36540999999974 0.0 61.88017355235279 0.0 -0.6351742134627327 0.0 0.11
190.41987299999974 0.0 51.732534313186946 0.0 0.44825464130552806 0.0 0.11
190.47420099999974 0.0 35.48632830229073 0.0 0.6515402003632073 0.0 0.11
190.52807699999974 0.0 28.130005226381098 0.0 0.3552107691969877 0.0 0.11
190.58218099999974 0.0 30.57896432820529 0.0 0.028368029939193552 0.0 0.11
190.63527999999974 0.0 33.87896432820529 0.0 0.0 0.0 0.11
190.68897499999974 0.0 37.17896432820529 0.0 0.0 0.0 0.11
190.74441899999974 0.0 40.47896432820529 0.0 0.0 0.0 0.11
190.79877899999974 0.0 43.778964328205284 0.0 0.0 0.0 0.11
190.85279099999974 0.0 45.10758005256811 0.0 0.06571280918790585 0.0 0.11
190.90707599999973 0.0 44.67018421207267 0.0 0.12457986134984805 0.0 0.11
190.96237999999974 0.0 45.03015444856995 0.0 0.09800099211675718 0.0 0.11
191.01657099999974 0.0 44.90490367965618 0.0 0.11417502563045899 0.0 0.22
191.07140199999975 0.0 86.74090600290438 0.0 0.11546658922506024 0.0 1.51
191.12549899999976 0.0 134.27082487793615 0.0 0.9956693708322745 0.0 2.58
191.17936799999976 0.0 145.29243695506156 0.0 2.642612930762486 0.0 3.01
191.23694499999976 0.0 119.3612655244637 0.0 3.9843723810199285 0.0 3.12
191.29097399999978 0.0 85.57830757808702 0.0 4.356098598212556 0.0 3.23
191.34472499999978 0.0 67.52927538243189 0.0 3.8316344065218377 0.0 3.23
191.39928799999979 0.0 81.069587004862 0.0 2.7786562792523295 0.0 3.23
191.45531899999978 0.0 110.71267053167465 0.0 2.241897215772912 0.0 3.23
191.51001399999979 0.0 137.3721484057649 0.0 2.441350737530325 0.0 3.44
191.5663169999998 0.0 159.42813136880156 0.0 3.2448005678987784 0.0 3.98
191.6265949999998 0.0 159.8826837525707 0.0 4.284848253874362 0.0 4.41
191.6811259999998 0.0 149.00158560625815 0.0 4.982703271543752 0.0 4.62
191.7355109999998 0.0 134.24604644921484 0.0 5.221851305234777 0.0 4.73
191.7907019999998 0.0 122.49722617931059 0.0 5.231627342330142 0.0 4.84
191.84466499999982 0.0 129.11532454483225 0.0 4.7293967211492784 0.0 4.95
191.9038939999998 0.0 172.11921282999742 0.0 4.046537057161162 0.0 5.48
191.95788999999982 0.0 187.2092246030187 0.0 4.976999607565958 0.0 5.48
192.01260199999982 0.0 191.9038487528996 0.0 5.653512528337303 0.0 5.81
192.06663499999982 0.0 183.4157055084587 0.0 6.092938108148029 0.0 5.81
192.12030999999982 0.0 164.54021125145061 0.0 6.439183141900269 0.0 5.81
192.17381699999981 0.0 147.12885470831753 0.0 6.3903785514377685 0.0 5.81
192.22748699999983 0.0 144.16055585454436 0.0 5.9089432951257725 0.0 5.81
192.28427699999983 0.0 163.59982508879978 0.0 5.162024358858152 0.0 5.81
192.34402899999984 0.0 184.28611331998263 0.0 5.120457058960572 0.0 5.81
192.40110599999983 0.0 199.1091796429314 0.0 5.3158977892350405 0.0 5.81
192.45667599999982 0.0 201.0884636519037 0.0 5.7440238663675895 0.0 5.81
192.5111079999998 0.0 177.92073203313413 0.0 6.582257720625653 0.0 5.81
192.56482299999982 0.0 153.77798924694332 0.0 6.614758092873027 0.0 5.81
192.62100399999983 0.0 141.70080889157668 0.0 6.21257267851222 0.0 5.81
192.67760499999983 0.0 160.36875514389482 0.0 5.187735124922729 0.0 5.81
192.73214299999984 0.0 180.82720005968503 0.0 5.128051836140326 0.0 5.81
192.78769599999984 0.0 196.5591681951135 0.0 5.2856010621523835 0.0 5.81
192.84200599999983 0.0 202.54182013311748 0.0 5.6105782687332 0.0 5.81
192.89642299999983 0.0 198.64880013747216 0.0 5.939767333188176 0.0 5.81
192.95037399999984 0.0 188.54931516302474 0.0 6.146649499148247 0.0 5.81
193.00462999999985 0.0 175.50835335889204 0.0 6.244698726804423 0.0 5.81
193.05856599999984 0.0 163.78359141189438 0.0 6.200825398233255 0.0 5.81
193.11784099999986 0.0 159.9540408280245 0.0 5.937651686128996 0.0 5.81
193.17230499999985 0.0 165.17091525919426 0.0 5.636104185627674 0.0 5.81
193.22629899999984 0.0 171.18115950669295 0.0 5.609658525083376 0.0 5.81
193.28028499999985 0.0 178.2059386428483 0.0 5.575840695461488 0.0 5.81
193.33449099999984 0.0 182.03405188216195 0.0 5.682396225356212 0.0 5.81
193.39170799999985 0.0 184.12003532153446 0.0 5.7404672186875825 0.0 5.81
193.45111699999984 0.0 183.91355049858979 0.0 5.816882827431488 0.0 5.81
193.50676299999984 0.0 177.4657372478744 0.0 6.024927108357179 0.0 5.81
193.56077399999984 0.0 173.53864283058746 0.0 5.9409031472428975 0.0 5.81
193.61435299999985 0.0 169.06076376568163 0.0 5.959262635496861 0.0 5.81
193.66845799999984 0.0 168.47509158875272 0.0 5.82952240589763 0.0 5.81
193.72256999999985 0.0 169.0288688952295 0.0 5.7915407564507735 0.0 5.81
193.77660399999985 0.0 170.61005246002995 0.0 5.757293881173318 0.0 5.81
193.83062999999984 0.0 173.68376556964566 0.0 5.707542896346142 0.0 5.81
193.88509999999985 0.0 175.98705247575282 0.0 5.733223769796427 0.0 5.81
193.94145299999985 0.0 176.42847552325014 0.0 5.795285898416755 0.0 5.81
193.99540899999985 0.0 175.93632696112508 0.0 5.826953102381159 0.0 5.81
194.05112599999984 0.0 175.31424685440032 0.0 5.8321696402966765 0.0 5.81
194.10502099999985 0.0 173.8144803447855 0.0 5.864696079854662 0.0 5.81
194.15879299999986 0.0 172.47757331979565 0.0 5.861163682548406 0.0 5.81
194.21637099999987 0.0 171.69481878340426 0.0 5.841923105073058 0.0 5.81
194.27300099999988 0.0 172.04087309706875 0.0 5.794888457918581 0.0 5.81
194.3265939999999 0.0 172.40969246092996 0.0 5.792139498118101 0.0 5.81
194.38369299999988 0.0 173.26411724264898 0.0 5.759050400613058 0.0 5.81
194.43748099999988 0.0 174.0260462717573 0.0 5.75865707351022 0.0 5.81
194.49683699999989 0.0 174.6133384249692 0.0 5.769552882010198 0.0 5.81
194.55166199999988 0.0 175.0604042142299 0.0 5.77921034509224 0.0 5.81
194.60576499999988 0.0 176.18838295598334 0.0 5.728674928496506 0.0 5.81
194.66150499999986 0.0 175.78784463242994 0.0 5.84267033634204 0.0 5.81
194.71487799999986 0.0 175.71603369161036 0.0 5.816014316651555 0.0 5.81
194.77062099999986 0.0 175.81256342697512 0.0 5.801915432549015 0.0 5.81
194.82464499999986 0.0 175.34789959159642 0.0 5.848916569127194 0.0 5.81
194.87882999999985 0.0 175.16472278085496 0.0 5.825341441435634 0.0 5.81
194.93258699999984 0.0 174.44907584444206 0.0 5.869936929347813 0.0 5.81
194.98800899999983 0.0 174.73554808999214 0.0 5.7853253879801825 0.0 5.81
195.04393999999982 0.0 173.68188833448932 0.0 5.900754500904636 0.0 5.81
195.09762299999983 0.0 173.56632284894297 0.0 5.819953960856704 0.0 5.81
195.15229199999982 0.0 173.40637904671215 0.0 5.823776382621086 0.0 5.81
195.2069939999998 0.0 173.63333655368632 0.0 5.790451549786893 0.0 5.81
195.2614709999998 0.0 173.09198697441946 0.0 5.856627870737887 0.0 5.81
195.3148589999998 0.0 172.86381717728867 0.0 5.829652867969921 0.0 5.81
195.36872099999982 0.0 173.4173627854979 0.0 5.762321653039688 0.0 5.81
195.42441299999982 0.0 173.22956576496543 0.0 5.826175453964896 0.0 5.81
195.47921999999983 0.0 173.84948467443175 0.0 5.75660474509334 0.0 5.81
195.53345799999983 0.0 174.0659981571469 0.0 5.791351121213165 0.0 5.81
195.58708499999983 0.0 174.75211420079663 0.0 5.750903010882883 0.0 5.81
195.64107799999982 0.0 174.96261832688498 0.0 5.791868722989806 0.0 5.81
195.6949149999998 0.0 175.68162075311977 0.0 5.7480704197902845 0.0 5.81
195.74884399999982 0.0 175.71939277263797 0.0 5.806746596079398 0.0 5.81
195.80345199999982 0.0 176.7279892045327 0.0 5.723126922317423 0.0 5.81
195.85961499999982 0.0 175.85817410353067 0.0 5.884919474677175 0.0 5.81
195.9138329999998 0.0 176.0088023654084 0.0 5.797025989502349 0.0 5.81
195.96802199999982 0.0 175.28076944646926 0.0 5.872707400425421 0.0 5.81
196.02256099999983 0.0 174.72482550783795 0.0 5.857884921501405 0.0 5.81
196.07701899999984 0.0 174.42561247568287 0.0 5.8357720096602135 0.0 5.81
196.13096199999984 0.0 173.45890481404726 0.0 5.893265087134851 0.0 5.81
196.18554299999985 0.0 173.95512270067337 0.0 5.76725944128974 0.0 5.81
196.23947899999985 0.0 173.1034271620247 0.0 5.8833587888586285 0.0 5.81
196.29359699999983 0.0 173.06795344427752 0.0 5.81305544511173 0.0 5.81
196.35452099999983 0.0 166.7070911510658 0.0 5.817877889165521 0.0 5.27
196.40833099999983 0.0 155.61348273735965 0.0 5.795521827192606 0.0 4.84
196.46383399999982 0.0 146.0576863560077 0.0 5.553066010452365 0.0 4.73
196.51867899999982 0.0 136.20648081603105 0.0 5.25851038242693 0.0 4.41
196.57489599999982 0.0 127.49996841508045 0.0 4.939914935482395 0.0 4.19
196.62841599999982 0.0 120.63398947465055 0.0 4.571384921656322 0.0 3.98
196.6825439999998 0.0 112.67422451460999 0.0 4.23559560379333 0.0 3.55
196.7361939999998 0.0 104.64911047809045 0.0 4.021224292551209 0.0 3.33
196.8007019999998 0.0 98.29007177247773 0.0 3.447720818743559 0.0 2.9
196.8545809999998 0.0 88.1341323052444 0.0 3.6747579213809924 0.0 2.8
196.9107959999998 0.0 83.58536326253905 0.0 3.0817975058316414 0.0 2.69
196.9658309999998 0.0 79.01635729523834 0.0 2.763540565658976 0.0 2.26
197.0218819999998 0.0 75.55450584742361 0.0 2.448178419277754 0.0 2.15
197.0816289999998 0.0 72.78291466974048 0.0 2.178724476975291 0.0 1.94
197.1349879999998 0.0 70.45043196044834 0.0 1.9209029034704688 0.0 1.72
197.18811599999978 0.0 68.06696229504074 0.0 1.7152945448240824 0.0 1.51
197.24160199999977 0.0 65.27194868053165 0.0 1.5307419133944096 0.0 1.29
197.29619999999977 0.0 63.377245486526164 0.0 1.343195796210636 0.0 1.18
197.35290399999977 0.0 59.4758664257539 0.0 1.1960360948124258 0.0 0.86
197.40658399999978 0.0 55.09275973345116 0.0 1.0275285695351197 0.0 0.65
197.46032699999978 0.0 49.20293204897074 0.0 0.8273064327717847 0.0 0.32
197.51885699999977 0.0 42.15307231376363 0.0 0.6072230607413532 0.0 0.0
197.57279699999978 0.0 34.938182539694004 0.0 0.3014375343729221 0.0 -0.32
197.6265129999998 0.0 26.396548439836863 0.0 -0.014286468573889792 0.0 -0.75
197.6801289999998 0.0 11.53389393047027 0.0 -0.009840266204427904 0.0 -1.29
197.7358269999998 0.0 -5.997206069529728 0.0 0.0 0.0 -1.61
197.7899019999998 0.0 -27.24350606952973 0.0 0.0 0.0 -1.83
197.8431739999998 0.0 -50.927906069529726 0.0 0.0 0.0 -2.04
197.8973109999998 0.0 -74.81101159892168 0.0 -0.20288496732196748 0.0 -2.26
197.9517239999998 0.0 -93.62230122460944 0.0 -0.8497338823697022 0.0 -2.47
198.00817499999982 0.0 -107.23017704831764 0.0 -1.6279176723765552 0.0 -2.8
198.0716369999998 0.0 -116.93176971016982 0.0 -2.1743761703831024 0.0 -3.01
198.1259999999998 0.0 -125.51230489385699 0.0 -2.8109358153585546 0.0 -3.55
198.18096399999982 0.0 -137.10223331243802 0.0 -3.0917288183823413 0.0 -4.09
198.23565299999981 0.0 -146.6834324406942 0.0 -3.4747459837849974 0.0 -4.3
198.28991999999982 0.0 -154.3800517606648 0.0 -3.857069826014589 0.0 -4.52
198.34355099999982 0.0 -158.91681371548404 0.0 -4.229236696397999 0.0 -4.62
198.40180299999983 0.0 -161.75258440059082 0.0 -4.485747572342225 0.0 -4.73
198.45565899999983 0.0 -160.942381056252 0.0 -4.909784956446065 0.0 -4.84
198.51001599999984 0.0 -161.2278002028701 0.0 -4.925416094175874 0.0 -4.95
198.56379999999984 0.0 -161.6166773189061 0.0 -5.236504985698878 0.0 -5.27
198.61806199999984 0.0 -166.82531243693185 0.0 -5.2513664842355094 0.0 -5.7
198.67264099999983 0.0 -174.06095491261328 0.0 -5.286774980561462 0.0 -5.91
198.72788899999983 0.0 -183.13969174486448 0.0 -5.458024389986977 0.0 -6.34
198.78276199999982 0.0 -193.54200502298073 0.0 -5.664021250808247 0.0 -6.56
198.84156999999982 0.0 -204.2678714280769 0.0 -5.846152764418934 0.0 -6.77
198.89571699999982 0.0 -212.13351504443116 0.0 -6.09251131642082 0.0 -6.77
198.95021299999982 0.0 -216.76336423207462 0.0 -6.371218846886868 0.0 -6.77
199.00518399999982 0.0 -216.0285397701618 0.0 -6.62329237398043 0.0 -6.56
199.06011899999982 0.0 -205.33499926002924 0.0 -6.831062920769388 0.0 -5.91
199.11443199999982 0.0 -185.076968564655 0.0 -6.904877751539555 0.0 -5.16
199.17096899999981 0.0 -154.08548115057752 0.0 -6.6493787609024535 0.0 -3.98
199.2257249999998 0.0 -111.48260023850177 0.0 -6.139498786569832 0.0 -2.47
199.28122199999981 0.0 -72.95674916875456 0.0 -5.14833342547349 0.0 -1.83
199.3354489999998 0.0 -38.179081197137435 0.0 -3.8554925040152557 0.0 -0.86
199.39036899999982 0.0 -7.2646509680178255 0.0 -2.5527416218018617 0.0 0.11
199.44393799999983 0.0 9.26318609953972 0.0 -0.7735863107284708 0.0 0.86
199.51426799999984 0.0 27.10307720485651 0.0 -0.02659699442866442 0.0 1.51
199.57119699999984 0.0 49.62647720485651 0.0 0.0 0.0 1.94
199.62493099999983 0.0 74.03905809615416 0.0 0.14727985432406107 0.0 2.26
199.68467399999983 0.0 94.61626956042565 0.0 0.9176303648344976 0.0 2.69
199.73867699999983 0.0 109.81579887763776 0.0 1.7008243482160106 0.0 3.01
199.79381899999981 0.0 123.72486630427285 0.0 2.3519752431838854 0.0 3.55
199.8549029999998 0.0 137.08787060896742 0.0 2.939009103816143 0.0 4.09
199.9084399999998 0.0 149.59295401712444 0.0 3.4429040992112823 0.0 4.52
199.9626229999998 0.0 161.72941825782502 0.0 3.904654242833715 0.0 4.95
200.0167459999998 0.0 172.46880486375235 0.0 4.344988233770254 0.0 5.27
200.0785589999998 0.0 184.67269459195558 0.0 4.758846707303771 0.0 5.81
200.1328129999998 0.0 196.28543312699222 0.0 5.239764122735863 0.0 6.24
200.1866599999998 0.0 203.90947628950755 0.0 5.793321002367328 0.0 6.45
200.2407049999998 0.0 203.91835630465584 0.0 6.4492351408141015 0.0 6.45
200.29766999999978 0.0 188.19683954084582 0.0 6.734135810836349 0.0 5.38
200.35111299999977 0.0 157.58695209880577 0.0 6.936510546256678 0.0 4.3
200.40511499999977 0.0 122.04359018954673 0.0 6.501443747567531 0.0 3.44
200.45940499999978 0.0 85.35540893854133 0.0 5.420050064686081 0.0 2.26
200.51351799999978 0.0 53.79022778396139 0.0 4.228792519774327 0.0 1.51
200.57372399999977 0.0 27.392410170360602 0.0 2.923713834074142 0.0 0.65
200.62967999999978 0.0 10.706821730790473 0.0 1.5471738535374788 0.0 0.11
200.68518899999978 0.0 4.494092908774724 0.0 0.42511876158619716 0.0 -0.11
200.7392999999998 0.0 0.6759834646220346 0.0 0.008863862545451295 0.0 -0.32
200.7933069999998 0.0 -3.039216535377965 0.0 0.0 0.0 -0.32
200.8471149999998 0.0 -6.754416535377965 0.0 0.0 0.0 -0.32
200.9005919999998 0.0 -10.469616535377964 0.0 0.0 0.0 -0.32
200.9540839999998 0.0 -14.184816535377964 0.0 0.0 0.0 -0.32
201.0080249999998 0.0 -14.184816535377964 0.0 0.0 0.0 0.0
201.0624909999998 0.0 9.499583464622036 0.0 0.0 0.0 2.04
201.1164129999998 0.0 59.42258346462203 0.0 0.0 0.0 4.3
201.1781249999998 0.0 117.6927188139667 0.0 0.25103916026316364 0.0 5.27
201.2325929999998 0.0 103.84228182481549 0.0 1.7329747622007945 0.0 0.54
201.2868399999998 0.0 -9.160139450695667 0.0 2.8531973536185316 0.0 -6.88
201.34075999999982 0.0 -117.43112302849545 0.0 2.015666113505581 0.0 -7.31
201.39731399999982 0.0 -189.9231231922157 0.0 -0.6360723373195286 0.0 -6.13
201.45324999999983 0.0 -164.4748483523345 0.0 -3.5919272041241364 0.0 -1.4
201.50878899999984 0.0 -107.96260201301092 0.0 -4.757549210966717 0.0 0.11
201.56723699999984 0.0 -48.98845901443668 0.0 -4.649598880152821 0.0 0.43
201.62240899999983 0.0 -4.017621086111745 0.0 -3.4434571859022336 0.0 0.43
201.68343999999985 0.0 8.965706490786475 0.0 -1.0082883356501482 0.0 0.0
201.74146699999986 0.0 4.87624488089918 0.0 0.03223614210915554 0.0 -0.32
201.80080899999984 0.0 -0.11605511910081923 0.0 0.0 0.0 -0.43
201.85458299999985 0.0 -6.385455119100819 0.0 0.0 0.0 -0.54
201.91497599999985 0.0 -16.37005511910082 0.0 0.0 0.0 -0.86
201.97044399999984 0.0 -27.631755119100816 0.0 0.0 0.0 -0.97
202.02359899999985 0.0 -38.893455119100814 0.0 0.0 0.0 -0.97
202.07884699999985 0.0 -50.15515511910081 0.0 0.0 0.0 -0.97
202.13238999999984 0.0 -59.066429400042416 0.0 -0.2024483823478378 0.0 -0.97
202.18730199999985 0.0 -63.8177161157063 0.0 -0.5607591114845925 0.0 -0.97
202.24210399999984 0.0 -62.16834314764984 0.0 -0.7920648551297547 0.0 -0.65
202.29593599999984 0.0 -54.854099809767064 0.0 -0.8499951195420139 0.0 -0.22
202.34952899999985 0.0 -40.93643681635902 0.0 -0.7687651157112869 0.0 0.43
202.40666699999986 0.0 -25.464973361174202 0.0 -0.4725980581554537 0.0 0.97
202.46074299999987 0.0 -7.831094278103734 0.0 -0.11885263420072974 0.0 1.4
202.51535299999986 0.0 13.282645882813497 0.0 0.01141772946449349 0.0 1.83
202.57046199999985 0.0 35.80604588281349 0.0 0.0 0.0 1.94
202.62922499999985 0.0 55.77524588281349 0.0 0.0 0.0 1.72
202.68409199999985 0.0 70.65126630376349 0.0 0.32868902489664104 0.0 1.61
202.73777599999985 0.0 76.60507778946061 0.0 0.8871824732388358 0.0 1.4
202.79207599999987 0.0 68.32245526407749 0.0 1.2534041796195625 0.0 0.54
202.84658799999985 0.0 51.71227643418348 0.0 1.3206786244525415 0.0 -0.11
202.90072799999984 0.0 25.207113484386664 0.0 1.1029597717309922 0.0 -1.4
202.95484099999985 0.0 -5.9791077190693755 0.0 0.6461516971107701 0.0 -2.04
203.01254199999985 0.0 -36.74356397517218 0.0 0.06982396693391944 0.0 -2.58
203.06936899999985 0.0 -71.61127119804092 0.0 -0.006752177186153272 0.0 -3.01
203.12418199999985 0.0 -101.79698576861131 0.0 -0.6300245847915253 0.0 -3.23
203.17816999999985 0.0 -123.49577530700297 0.0 -1.7910258795528278 0.0 -3.66
203.23279299999984 0.0 -134.95519519792649 0.0 -2.7729698629695503 0.0 -3.76
203.28680399999985 0.0 -137.53376380938712 0.0 -3.5379010670576534 0.0 -3.76
203.34036199999986 0.0 -120.80588687143354 0.0 -3.910816273725546 0.0 -2.47
203.39479299999985 0.0 -87.36380126732409 0.0 -4.060455263058523 0.0 -1.18
203.44942299999985 0.0 -45.56157985716136 0.0 -3.6005358665084177 0.0 0.0
203.50467499999985 0.0 -7.225482903334189 0.0 -2.651989401707767 0.0 0.65
203.55816399999986 0.0 16.025838152565196 0.0 -0.9226977653660108 0.0 1.08
203.61315899999985 0.0 36.14692104007895 0.0 -0.01308207472125416 0.0 1.72
203.66791399999985 0.0 62.26942104007895 0.0 0.0 0.0 2.26
203.72207999999986 0.0 86.67175372926602 0.0 0.4781625590708823 0.0 2.58
203.77582699999985 0.0 103.86672849194437 0.0 1.3189513554971262 0.0 2.8
203.82974199999984 0.0 113.43967483038405 0.0 2.0754568183945152 0.0 2.9
203.88456199999985 0.0 118.63343451767378 0.0 2.5626477444194893 0.0 3.01
203.94266399999984 0.0 119.30692123967104 0.0 2.951990807752174 0.0 3.01
203.99842499999983 0.0 116.85384290286672 0.0 3.221290123755755 0.0 3.01
204.05304499999983 0.0 114.35626648798133 0.0 3.335122860885908 0.0 3.12
204.1094939999998 0.0 110.6372357241423 0.0 3.440329953819038 0.0 3.12
204.16297299999982 0.0 106.66795433962078 0.0 3.4618847015091756 0.0 3.12
204.2204909999998 0.0 103.98171059000656 0.0 3.3513732773138867 0.0 3.12
204.27389099999982 0.0 102.3514002058443 0.0 3.260422944372287 0.0 3.12
204.33307999999982 0.0 102.17484025716941 0.0 3.135207575251929 0.0 3.12
204.38982599999983 0.0 102.55084256466031 0.0 3.087613927003367 0.0 3.12
204.44373599999983 0.0 103.62338856826881 0.0 3.0276187766056424 0.0 3.12
204.49985499999983 0.0 105.20636249952432 0.0 2.9836542694870367 0.0 3.12
204.55431599999983 0.0 106.31757026588265 0.0 3.0242887367477755 0.0 3.12
204.61057899999983 0.0 107.63289892398764 0.0 3.0067072645904402 0.0 3.12
204.66512399999982 0.0 108.26730837883045 0.0 3.0653566361031177 0.0 3.12
204.71923199999983 0.0 108.63487014235729 0.0 3.0883409333740888 0.0 3.12
204.77353999999983 0.0 108.64230392420689 0.0 3.1193597087123517 0.0 3.12
204.82793699999982 0.0 108.48378058970474 0.0 3.1336540339795134 0.0 3.12
204.88176899999982 0.0 107.90203153709788 0.0 3.170107584203863 0.0 3.12
204.93567899999982 0.0 107.75571854230078 0.0 3.1326023251332553 0.0 3.12
204.98923199999982 0.0 107.30456667949126 0.0 3.158858902912104 0.0 3.12
205.04679999999982 0.0 107.19610725994661 0.0 3.1293418966016064 0.0 3.12
205.1020319999998 0.0 106.78103836352275 0.0 3.1557509816041227 0.0 3.12
205.1561579999998 0.0 106.85188140943916 0.0 3.113898101126925 0.0 3.12
205.2107209999998 0.0 107.25309472755382 0.0 3.0854424359935697 0.0 3.12
205.2651249999998 0.0 111.00892742266674 0.0 3.1165001985260177 0.0 3.44
205.3195799999998 0.0 117.11765050778415 0.0 3.133839527552334 0.0 3.66
205.3737049999998 0.0 123.06469494606264 0.0 3.2477653369269164 0.0 3.76
205.4309239999998 0.0 128.6685252342202 0.0 3.3873272792284617 0.0 3.87
205.48880499999981 0.0 131.6242953181873 0.0 3.6154117068073117 0.0 3.87
205.5426199999998 0.0 133.76188857338718 0.0 3.7958834405512607 0.0 3.98
205.6014119999998 0.0 134.20300070758375 0.0 3.942005845461106 0.0 3.98
205.6555819999998 0.0 133.2370927004683 0.0 4.063196210776524 0.0 3.98
205.7102799999998 0.0 130.96532521210506 0.0 4.175673340944293 0.0 3.98
205.76437799999982 0.0 128.4440873499408 0.0 4.197160883907345 0.0 3.98
205.82157399999983 0.0 126.07959068501158 0.0 4.183660350123102 0.0 3.98
205.87518199999982 0.0 123.75697384264521 0.0 4.180053130264115 0.0 3.98
205.92918099999983 0.0 122.7241779723623 0.0 4.068957439300854 0.0 3.98
205.98745099999982 0.0 125.45976875638051 0.0 3.7443763321259076 0.0 3.98
206.0413539999998 0.0 122.10108635214218 0.0 4.269292196747488 0.0 3.98
206.09545399999982 0.0 122.42252810206661 0.0 3.9523133720995327 0.0 3.98
206.14975799999982 0.0 123.4700838568298 0.0 3.889771252819707 0.0 3.98
206.21109999999982 0.0 124.79700808083892 0.0 3.8657085078372857 0.0 3.98
206.26522399999982 0.0 125.81783623887817 0.0 3.8920733714005817 0.0 3.98
206.32128299999982 0.0 128.44805908787637 0.0 3.7534519509906814 0.0 3.98
206.37504899999982 0.0 127.47982310277824 0.0 4.063396725675981 0.0 3.98
206.43064499999983 0.0 129.43663652822426 0.0 3.8114544853190346 0.0 3.98
206.48889199999982 0.0 128.3118588005539 0.0 4.0768800799027005 0.0 3.98
206.54360799999984 0.0 127.50119592248649 0.0 4.049824537301241 0.0 3.98
206.59976399999982 0.0 127.09300953474589 0.0 4.015158172932007 0.0 3.98
206.6538149999998 0.0 126.77531560608858 0.0 4.007363818144471 0.0 3.98
206.70810299999982 0.0 126.18889360808592 0.0 4.030510077347344 0.0 3.98
206.76193599999982 0.0 125.75520048518595 0.0 4.0173551354780335 0.0 3.98
206.8175169999998 0.0 125.57609222932724 0.0 3.9954270676880888 0.0 3.98
206.8709329999998 0.0 125.62269740883433 0.0 3.9759857726522756 0.0 3.98
206.92679699999982 0.0 127.7818309529386 0.0 3.794028118509537 0.0 3.98
206.98076399999982 0.0 126.25669537015905 0.0 4.1113639606183945 0.0 3.98
207.0346449999998 0.0 125.58551134605132 0.0 4.037810854789641 0.0 3.98
207.0891579999998 0.0 125.49868208275761 0.0 3.9874788340476925 0.0 3.98
207.1438569999998 0.0 125.23332382196065 0.0 4.002856008681909 0.0 3.98
207.1982319999998 0.0 124.71153159904895 0.0 4.024943343920043 0.0 3.98
207.2516479999998 0.0 124.51836544141254 0.0 3.99663791194112 0.0 3.98
207.3050139999998 0.0 124.64693628778674 0.0 3.9689258530254783 0.0 3.98
207.3590809999998 0.0 125.0536636352762 0.0 3.9449674980629243 0.0 3.98
207.4142329999998 0.0 125.15992358232096 0.0 3.970847549780813 0.0 3.98
207.4696099999998 0.0 124.68926524604528 0.0 4.020539047052169 0.0 3.98
207.5270339999998 0.0 124.8352593293652 0.0 3.9674251435555625 0.0 3.98
207.58092499999978 0.0 125.40239583628382 0.0 3.9311510329958126 0.0 3.98
207.63730599999977 0.0 127.74815941721073 0.0 3.777953179937389 0.0 3.98
207.69195699999977 0.0 125.40413159414699 0.0 4.181897314648039 0.0 3.98
207.74547299999978 0.0 125.068752344429 0.0 4.008887101612229 0.0 3.98
207.79935399999977 0.0 124.7902934951264 0.0 4.003984397011421 0.0 3.98
207.85853299999977 0.0 128.48532411875362 0.0 3.6617372417203096 0.0 3.98
207.91259399999976 0.0 136.19696478142507 0.0 4.335775998047249 0.0 5.0
207.96629799999977 0.0 147.1512613335911 0.0 4.056477471820326 0.0 5.0
208.02073699999977 0.0 156.0102863476167 0.0 4.236948749868595 0.0 5.0
208.07471599999977 0.0 161.75760943991344 0.0 4.504967864573925 0.0 5.0
208.12875699999978 0.0 164.54578579259902 0.0 4.75984699804603 0.0 5.0
208.18226699999977 0.0 164.53776816846306 0.0 5.000690579167611 0.0 5.0
208.23597299999977 0.0 162.96861134773437 0.0 5.135155626247088 0.0 5.0
208.29104799999976 0.0 159.90882824413177 0.0 5.263547209612628 0.0 5.0
208.34597399999976 0.0 156.4500904846778 0.0 5.2979102290658036 0.0 5.0
208.39988699999975 0.0 152.96146489880766 0.0 5.300484546586573 0.0 5.0
208.45506999999975 0.0 150.22310184196368 0.0 5.235862451063219 0.0 5.0
208.51047199999974 0.0 148.35825253885585 0.0 5.160624401645808 0.0 5.0
208.56576799999974 0.0 146.03615522510012 0.0 5.200008381891106 0.0 5.0
208.61981399999974 0.0 144.91418203261088 0.0 5.096638517871597 0.0 5.0
208.67365899999973 0.0 144.30559016075284 0.0 5.052419627205687 0.0 5.0
208.73128999999972 0.0 145.14456919355473 0.0 4.927736517415859 0.0 5.0
208.78569299999972 0.0 145.5572901038583 0.0 4.964451256649134 0.0 5.0
208.84116699999973 0.0 146.9221664962434 0.0 4.8824395872192 0.0 5.0
208.89609899999974 0.0 148.10281939148825 0.0 4.898307244164955 0.0 5.0
208.95183499999973 0.0 148.98483919910046 0.0 4.924029301669922 0.0 5.0
209.00977799999973 0.0 149.93005918220555 0.0 4.918585703436254 0.0 5.0
209.07619599999973 0.0 157.40733695461878 0.0 4.355962293504458 0.0 5.0
209.1319239999997 0.0 149.4978805094972 0.0 5.681262398373952 0.0 5.0
209.18867099999972 0.0 149.09236624587513 0.0 5.034928015815854 0.0 5.0
209.24253399999972 0.0 148.87555673316643 0.0 5.018674376632963 0.0 5.0
209.29921399999972 0.0 149.4325173519733 0.0 4.952027509146695 0.0 5.0
209.35341699999972 0.0 149.81748893955753 0.0 4.966841379191712 0.0 5.0
209.40775599999972 0.0 150.17257293036522 0.0 4.969415676933016 0.0 5.0
209.46182299999973 0.0 150.58758247310212 0.0 4.964254130685884 0.0 5.0
209.51788699999972 0.0 150.6022337201281 0.0 4.998738049351766 0.0 5.0
209.57303699999972 0.0 151.2604999239495 0.0 4.943301791229855 0.0 5.0
209.6316329999997 0.0 151.03648131794708 0.0 5.019295314901158 0.0 5.0
209.6862309999997 0.0 150.98191317128308 0.0 5.004700098765202 0.0 5.0
209.7402779999997 0.0 150.66467898090409 0.0 5.027324219670886 0.0 5.0
209.79550199999971 0.0 150.04865587219467 0.0 5.05305969928591 0.0 5.0
209.84953599999972 0.0 149.8925745104209 0.0 5.013443700411178 0.0 5.0
209.90674299999972 0.0 149.2173150455807 0.0 5.058161883276502 0.0 5.0
209.96123799999972 0.0 149.32882210579382 0.0 4.990395602048826 0.0 5.0
210.01626899999974 0.0 149.22106616994435 0.0 5.035918645283159 0.0 5.0
210.07018599999975 0.0 149.1961346009292 0.0 5.008310523005048 0.0 5.0
210.12829999999974 0.0 149.06287772618882 0.0 5.044418958246799 0.0 5.0
210.18223199999974 0.0 149.09014873247216 0.0 4.990909664572215 0.0 5.0
210.23676299999974 0.0 149.11565213970385 0.0 4.991498864256098 0.0 5.0
210.29096999999973 0.0 149.08615950808655 0.0 5.009830877205772 0.0 5.0
210.35059699999974 0.0 149.16073912758148 0.0 4.975140126835023 0.0 5.0
210.40477199999972 0.0 149.2445456979818 0.0 4.972064476533225 0.0 5.0
210.45913599999972 0.0 149.31933336876907 0.0 4.9750707764042446 0.0 5.0
210.51549799999972 0.0 149.45857300328038 0.0 4.953586788496224 0.0 5.0
210.57059399999972 0.0 149.60890949161532 0.0 4.9498878372216835 0.0 5.0
210.6253869999997 0.0 149.79530150254666 0.0 4.937869329689554 0.0 5.0
210.6806729999997 0.0 150.0018767411427 0.0 4.931141587134654 0.0 5.0
210.7373209999997 0.0 150.0866007834304 0.0 4.971758652570761 0.0 5.0
210.7927309999997 0.0 150.23798983749668 0.0 4.94953698197791 0.0 5.0
210.84725199999968 0.0 150.30033411580482 0.0 4.979218573897286 0.0 5.0
210.90453099999968 0.0 150.35845013246404 0.0 4.98062799444692 0.0 5.0
210.95859099999967 0.0 150.45311267018477 0.0 4.968445820759756 0.0 5.0
211.01267099999967 0.0 150.51869865707482 0.0 4.978138004369977 0.0 5.0
211.06678699999966 0.0 150.51711109914558 0.0 5.0005291859764105 0.0 5.0
211.12156299999967 0.0 150.53078559352232 0.0 4.995441835207755 0.0 5.0
211.17561499999968 0.0 150.43955982461287 0.0 5.030408589636482 0.0 5.0
211.2296009999997 0.0 150.36719886245479 0.0 5.024120320719361 0.0 5.0
211.28449299999969 0.0 150.44399896050712 0.0 4.974399967315887 0.0 5.0
211.33885699999968 0.0 150.34939248533416 0.0 5.0315354917243145 0.0 5.0
211.3943399999997 0.0 150.22726366897126 0.0 5.040709605454304 0.0 5.0
211.4482689999997 0.0 150.13096764785752 0.0 5.032098673704584 0.0 5.0
211.5022449999997 0.0 150.20509960519118 0.0 4.975289347555445 0.0 5.0
211.5592049999997 0.0 150.21237477963626 0.0 4.997574941851634 0.0 5.0
211.6154159999997 0.0 150.60863234673133 0.0 4.867914144301649 0.0 5.0
211.6707039999997 0.0 150.2249640587305 0.0 5.1278894293336075 0.0 5.0
211.7247479999997 0.0 150.18475348098067 0.0 5.01340352591661 0.0 5.0
211.7786239999997 0.0 150.30329178199108 0.0 4.96048723299653 0.0 5.0
211.8329509999997 0.0 150.42088619603678 0.0 4.960801861984769 0.0 5.0
211.8868949999997 0.0 150.54217922336295 0.0 4.959568990891279 0.0 5.0
211.9414169999997 0.0 150.63382772371304 0.0 4.9694504998833 0.0 5.0
211.99641299999968 0.0 150.69437004323964 0.0 4.9798192268244685 0.0 5.0
212.05116099999967 0.0 150.85018850740175 0.0 4.948060511945963 0.0 5.0
212.10533499999966 0.0 150.88591054443012 0.0 4.988092654323881 0.0 5.0
212.15883199999965 0.0 151.02005653016568 0.0 4.95528467142148 0.0 5.0
212.21228799999966 0.0 151.10242449075025 0.0 4.972544013138474 0.0 5.0
212.26665099999965 0.0 151.19281860759136 0.0 4.969868627719629 0.0 5.0
212.32199799999967 0.0 151.06732840035167 0.0 5.041830069079898 0.0 5.0
212.37575599999965 0.0 151.00063422149958 0.0 5.022231392950695 0.0 5.0
212.43053199999966 0.0 150.9460099493301 0.0 5.018208090723163 0.0 5.0
212.48504899999966 0.0 150.85681496841903 0.0 5.029731660303691 0.0 5.0
212.53922599999967 0.0 150.69682761002713 0.0 5.053329119463963 0.0 5.0
212.59335899999968 0.0 150.48464684758125 0.0 5.0707269208152965 0.0 5.0
212.65090899999967 0.0 150.2480860360921 0.0 5.078853603829714 0.0 5.0
212.70489599999968 0.0 150.27461911760653 0.0 4.991155639495191 0.0 5.0
212.7593539999997 0.0 151.56680813687132 0.0 4.569270326911739 0.0 5.0
212.8128809999997 0.0 153.8517583576305 0.0 4.238349926413601 0.0 5.0
212.8721599999997 0.0 157.79769409679233 0.0 3.6846880869460534 0.0 5.0
212.9263639999997 0.0 162.14745359213202 0.0 3.5500801682201 0.0 5.0
212.9810759999997 0.0 169.33124678446333 0.0 2.605402269222897 0.0 5.0
213.0393629999997 0.0 178.78914535560918 0.0 1.8473671429513858 0.0 5.0
